600 -433.760549 313.639191
601 -433.760802 316.122598
602 -433.761899 318.124126
603 -433.762650 319.253021
604 -433.762547 319.210669
605 -433.761435 318.051606
606 -433.760079 316.195194
607 -433.759237 314.169303
608 -433.759259 312.314213
609 -433.759035 310.735650
610 -433.758465 309.525285
611 -433.758370 308.815356
612 -433.758510 308.622333
613 -433.758926 308.829498
614 -433.759512 309.238649
615 -433.759872 309.640578
616 -433.759918 309.924663
617 -433.759706 310.116748
618 -433.759552 310.323444
619 -433.759644 310.634596
620 -433.759783 311.065564
621 -433.760692 311.501011
622 -433.761634 311.635455
623 -433.761522 311.180136
624 -433.760741 310.165619
625 -433.759471 308.924168
626 -433.758332 307.917698
627 -433.757772 307.546097
628 -433.757721 308.016820
629 -433.758133 309.322392
630 -433.758714 311.269732
631 -433.759107 313.587510
632 -433.759290 316.063074
633 -433.759699 318.547060
634 -433.760703 320.816298
635 -433.761999 322.498772
636 -433.762846 323.152120
637 -433.762703 322.510760
638 -433.761905 320.669899
639 -433.761433 317.942738
640 -433.761225 314.604417
641 -433.761158 310.816164
642 -433.760951 306.684023
643 -433.760437 302.356703
644 -433.759557 298.081312
645 -433.758119 294.291325
646 -433.756450 291.637616
647 -433.755092 290.834210
648 -433.754541 292.426202
649 -433.755329 296.559187
650 -433.757551 302.808261
651 -433.760689 310.147988
652 -433.763680 317.161607
653 -433.765544 322.476145
654 -433.766383 325.119024
655 -433.766057 324.639581
656 -433.764625 321.189804
657 -433.762175 315.530071
658 -433.758942 308.931737
659 -433.755898 302.961941
660 -433.754064 299.067692
661 -433.753844 298.138573
662 -433.755274 300.283964
663 -433.757461 304.901311
664 -433.759789 310.970924
665 -433.762023 317.360575
666 -433.763764 323.001645
667 -433.764531 327.066089
668 -433.764251 329.140840
669 -433.763026 329.295602
670 -433.761953 327.929009
671 -433.761644 325.439785
672 -433.762040 321.998757
673 -433.762416 317.575048
674 -433.761647 312.231500
675 -433.759555 306.470142
676 -433.757028 301.270505
677 -433.755326 297.753434
678 -433.755113 296.704760
679 -433.756260 298.270250
680 -433.758428 301.938728
681 -433.760884 306.705670
682 -433.763340 311.342593
683 -433.765679 314.613871
684 -433.767009 315.477506
685 -433.766274 313.456185
686 -433.763478 308.969263
687 -433.759630 303.314038
688 -433.756046 298.235548
689 -433.753763 295.343233
690 -433.753458 295.626081
691 -433.754772 299.200911
692 -433.757105 305.401869
693 -433.759718 313.082210
694 -433.762075 320.927361
695 -433.763711 327.759830
696 -433.764788 332.705370
697 -433.764934 335.232181
698 -433.764511 335.203547
699 -433.763785 332.796935
700 -433.762708 328.375676
701 -433.760603 322.554490
702 -433.758290 316.269955
703 -433.757140 310.482199
704 -433.757186 305.747606
705 -433.757977 302.108323
706 -433.758757 299.278673
707 -433.759357 296.922759
708 -433.758127 294.976958
709 -433.755796 293.978789
710 -433.754157 294.852257
711 -433.754477 298.209332
712 -433.757224 303.807862
713 -433.760801 310.474781
714 -433.763963 316.589014
715 -433.766366 320.644113
716 -433.768040 321.469879
717 -433.767014 318.475464
718 -433.763440 312.125327
719 -433.759018 303.944307
720 -433.754978 295.926891
721 -433.751808 289.987914
722 -433.750351 287.591596
723 -433.750696 289.462538
724 -433.753160 295.395830
725 -433.756846 304.290409
726 -433.761698 314.383732
727 -433.765745 323.552193
728 -433.767034 330.024543
729 -433.766339 333.040447
730 -433.764726 332.755829
731 -433.762898 329.839249
732 -433.761253 325.153298
733 -433.760203 319.515740
734 -433.759103 313.576993
735 -433.757809 307.918371
736 -433.756924 303.109202
737 -433.756611 299.565054
738 -433.756530 297.468748
739 -433.756799 296.832669
740 -433.757060 297.575034
741 -433.757035 299.626355
742 -433.757083 302.991090
743 -433.757922 307.585252
744 -433.759898 312.964445
745 -433.761862 318.289746
746 -433.763218 322.673433
747 -433.764009 325.475271
748 -433.764242 326.352719
749 -433.763982 325.259855
750 -433.762932 322.448308
751 -433.761556 318.473553
752 -433.760396 314.036449
753 -433.759127 309.804091
754 -433.757871 306.396478
755 -433.757021 304.338990
756 -433.757302 303.901419
757 -433.758371 304.921895
758 -433.759184 306.938334
759 -433.759828 309.482004
760 -433.760737 312.107489
761 -433.761477 314.341173
762 -433.762061 315.772080
763 -433.762276 316.126916
764 -433.761975 315.327806
765 -433.761346 313.536555
766 -433.760603 311.068294
767 -433.760300 308.249591
768 -433.760903 305.211144
769 -433.760627 301.917389
770 -433.759024 298.594453
771 -433.757250 295.894409
772 -433.755568 294.617924
773 -433.754708 295.457355
774 -433.755724 298.685454
775 -433.757895 303.890694
776 -433.760519 310.111258
777 -433.762526 316.203441
778 -433.763445 321.227792
779 -433.763745 324.636670
780 -433.763717 326.185540
781 -433.763190 325.826009
782 -433.762416 323.716678
783 -433.762167 320.105884
784 -433.761399 315.242656
785 -433.759510 309.596048
786 -433.757460 303.993353
787 -433.756357 299.320686
788 -433.756279 296.132400
789 -433.757031 294.531337
790 -433.757835 294.285670
791 -433.758682 295.064738
792 -433.759532 296.538021
793 -433.760453 298.378178
794 -433.760446 300.345411
795 -433.759312 302.506298
796 -433.757929 305.299038
797 -433.758000 309.165797
798 -433.758998 314.093430
799 -433.759814 319.670392
800 -433.760973 325.373802
801 -433.761821 330.635533
802 -433.762116 334.985585
803 -433.762700 338.093968
804 -433.763555 339.582367
805 -433.764026 339.014796
806 -433.763906 336.108345
807 -433.763678 330.845986
808 -433.762639 323.454996
809 -433.760188 314.574704
810 -433.757338 305.333703
811 -433.754916 297.037048
812 -433.753185 290.814161
813 -433.752658 287.402436
814 -433.753431 286.992831
815 -433.755289 289.184128
816 -433.757270 293.150157
817 -433.758550 297.984135
818 -433.759052 303.008493
819 -433.759123 307.858651
820 -433.759638 312.319815
821 -433.760681 316.087167
822 -433.761548 318.747134
823 -433.762314 319.931274
824 -433.762227 319.438368
825 -433.761029 317.404413
826 -433.759393 314.369521
827 -433.757618 311.121852
828 -433.756168 308.485625
829 -433.755301 307.134335
830 -433.755453 307.415271
831 -433.756601 309.206922
832 -433.758357 311.938014
833 -433.760792 314.727130
834 -433.763142 316.531848
835 -433.764486 316.436990
836 -433.764666 313.958679
837 -433.763773 309.142125
838 -433.761960 302.517670
839 -433.759675 294.985135
840 -433.757334 287.642053
841 -433.754922 281.626237
842 -433.752737 278.057814
843 -433.751548 277.864414
844 -433.752116 281.447693
845 -433.754377 288.440825
846 -433.757275 297.757648
847 -433.759817 307.972518
848 -433.761437 317.762478
849 -433.762512 326.136698
850 -433.762867 332.466190
851 -433.762960 336.454810
852 -433.762809 338.049900
853 -433.762215 337.388549
854 -433.761016 334.834224
855 -433.759743 330.972304
856 -433.758481 326.483744
857 -433.757584 322.022108
858 -433.757462 318.064369
859 -433.757915 314.775598
860 -433.758665 312.036425
861 -433.759230 309.566969
862 -433.759184 307.128209
863 -433.759181 304.654492
864 -433.759045 302.183777
865 -433.759068 299.780498
866 -433.759125 297.504271
867 -433.758686 295.464064
868 -433.757984 293.926070
869 -433.757082 293.297045
870 -433.756460 294.012977
871 -433.756474 296.355309
872 -433.757382 300.280894
873 -433.758874 305.351542
874 -433.760607 310.835554
875 -433.761895 315.918821
876 -433.762466 319.960352
877 -433.762230 322.660250
878 -433.761254 324.087836
879 -433.760149 324.613062
880 -433.759736 324.652163
881 -433.760158 324.353291
882 -433.760405 323.582406
883 -433.760112 322.197328
884 -433.759782 320.196991
885 -433.760272 317.553354
886 -433.760172 314.139711
887 -433.760064 309.933664
888 -433.759533 305.050541
889 -433.758688 299.725042
890 -433.757512 294.341885
891 -433.756556 289.356232
892 -433.756094 285.154005
893 -433.756082 281.935917
894 -433.755687 279.774409
895 -433.754746 278.840813
896 -433.754220 279.443220
897 -433.754498 281.776025
898 -433.755283 285.767784
899 -433.756927 291.048794
900 -433.757979 297.034035
901 -433.758373 303.219041
902 -433.759090 309.246495
903 -433.760528 314.648355
904 -433.761417 318.807975
905 -433.761304 321.320146
906 -433.760836 322.168031
907 -433.760577 321.525100
908 -433.760050 319.611838
909 -433.759113 316.758850
910 -433.758373 313.408447
911 -433.757746 309.958028
912 -433.757139 306.734303
913 -433.756976 303.984122
914 -433.756630 301.836200
915 -433.755719 300.481109
916 -433.755543 300.194466
917 -433.756483 301.035502
918 -433.757553 302.729287
919 -433.758300 304.889064
920 -433.758775 307.221760
921 -433.759519 309.503616
922 -433.760257 311.460222
923 -433.760301 312.845750
924 -433.759488 313.657696
925 -433.758146 314.209177
926 -433.757271 314.967852
927 -433.757317 316.240870
928 -433.758248 317.954438
929 -433.759392 319.715503
930 -433.760359 321.045072
931 -433.760416 321.603875
932 -433.759586 321.380147
933 -433.758555 320.682364
934 -433.757894 319.922340
935 -433.758101 319.367456
936 -433.758563 319.025404
937 -433.759354 318.706555
938 -433.759988 318.112105
939 -433.760754 316.916081
940 -433.760706 314.869044
941 -433.759773 312.007591
942 -433.758396 308.741742
943 -433.757295 305.677340
944 -433.756885 303.366419
945 -433.756869 302.141558
946 -433.756947 302.123209
947 -433.757088 303.297859
948 -433.757924 305.475440
949 -433.758948 308.212135
950 -433.760326 310.888078
951 -433.761377 312.829868
952 -433.761684 313.534290
953 -433.761688 312.818112
954 -433.761701 310.682917
955 -433.760661 307.307722
956 -433.758681 303.246961
957 -433.757043 299.359575
958 -433.756268 296.420881
959 -433.756276 294.859845
960 -433.756774 294.755695
961 -433.757491 295.918679
962 -433.758566 297.972860
963 -433.759370 300.453735
964 -433.760090 302.943842
965 -433.760854 305.084898
966 -433.761426 306.546175
967 -433.762106 307.033272
968 -433.762456 306.267350
969 -433.761610 304.168368
970 -433.759641 301.130317
971 -433.757189 298.009796
972 -433.755223 295.838088
973 -433.754343 295.482118
974 -433.754570 297.354452
975 -433.755340 301.371894
976 -433.757265 307.052988
977 -433.760019 313.453605
978 -433.762197 319.368464
979 -433.764368 323.689182
980 -433.764692 325.609115
981 -433.763084 325.000251
982 -433.761497 322.432840
983 -433.760828 318.576199
984 -433.759999 313.891957
985 -433.758749 308.846704
986 -433.758173 303.980215
987 -433.757699 299.726517
988 -433.756834 296.461778
989 -433.756049 294.639619
990 -433.756375 294.607339
991 -433.757938 296.282193
992 -433.758776 299.177931
993 -433.758257 302.920592
994 -433.758561 307.399990
995 -433.759798 312.352846
996 -433.761762 317.150989
997 -433.763489 320.956968
998 -433.763817 323.118689
999 -433.762680 323.540787
1000 -433.760695 322.731507
1001 -433.758994 321.514601
1002 -433.758482 320.589476
1003 -433.758750 320.233111
1004 -433.759232 320.373802
1005 -433.759712 320.793644
1006 -433.759823 321.280610
1007 -433.759808 321.711637
1008 -433.759778 322.026129
1009 -433.759829 322.186486
1010 -433.760487 322.089723
1011 -433.761533 321.440860
1012 -433.762579 319.790166
1013 -433.762459 316.796058
1014 -433.761450 312.519572
1015 -433.760234 307.427600
1016 -433.759106 302.139575
1017 -433.757375 297.329433
1018 -433.755186 293.830274
1019 -433.753371 292.579793
1020 -433.753095 294.284116
1021 -433.754419 299.029028
1022 -433.756905 306.181315
1023 -433.760031 314.542910
1024 -433.762716 322.633704
1025 -433.764238 329.111952
1026 -433.765642 333.021427
1027 -433.765799 333.758200
1028 -433.764077 331.282493
1029 -433.761620 326.266313
1030 -433.758724 319.837291
1031 -433.756158 313.327385
1032 -433.754648 307.949696
1033 -433.754421 304.488953
1034 -433.755725 303.130739
1035 -433.757613 303.453745
1036 -433.759318 304.701179
1037 -433.760598 306.116435
1038 -433.761215 307.111135
1039 -433.761371 307.338292
1040 -433.760927 306.731096
1041 -433.759659 305.541476
1042 -433.758115 304.337261
1043 -433.757006 303.784700
1044 -433.756801 304.336042
1045 -433.757135 306.090992
1046 -433.757988 308.828800
1047 -433.759338 312.061137
1048 -433.760400 315.155423
1049 -433.760958 317.581298
1050 -433.761562 319.032585
1051 -433.762279 319.290093
1052 -433.762382 318.178529
1053 -433.761383 315.776405
1054 -433.759921 312.543575
1055 -433.758736 309.149509
1056 -433.757950 306.208356
1057 -433.757637 304.144982
1058 -433.757482 303.201047
1059 -433.757398 303.505452
1060 -433.757686 305.068009
1061 -433.758574 307.695003
1062 -433.759127 311.010444
1063 -433.759678 314.627427
1064 -433.760967 318.123388
1065 -433.761835 320.970685
1066 -433.762319 322.714032
1067 -433.762553 323.072481
1068 -433.762802 321.874383
1069 -433.762349 319.090880
1070 -433.761461 314.962024
1071 -433.760219 309.982962
1072 -433.758830 304.810309
1073 -433.757490 300.182396
1074 -433.755964 296.859468
1075 -433.755312 295.515324
1076 -433.755784 296.446417
1077 -433.757638 299.367961
1078 -433.760237 303.416087
1079 -433.762277 307.426267
1080 -433.763079 310.433654
1081 -433.762998 311.934008
1082 -433.762150 311.894012
1083 -433.760181 310.748876
1084 -433.757826 309.367594
1085 -433.755899 308.792245
1086 -433.755179 309.837381
1087 -433.755773 312.798487
1088 -433.757461 317.383431
1089 -433.760108 322.799153
1090 -433.762433 327.943171
1091 -433.762974 331.855950
1092 -433.763588 334.059462
1093 -433.763977 334.285854
1094 -433.763572 332.407398
1095 -433.763610 328.499080
1096 -433.763152 322.664653
1097 -433.761773 315.218620
1098 -433.759923 306.864026
1099 -433.758521 298.453521
1100 -433.756703 290.824316
1101 -433.754520 284.923859
1102 -433.752808 281.773681
1103 -433.752707 282.133681
1104 -433.754752 286.076729
1105 -433.757948 292.837977
1106 -433.760688 301.139918
1107 -433.762155 309.769941
1108 -433.763052 317.875145
1109 -433.763960 324.822883
1110 -433.764933 330.023404
1111 -433.766187 332.862318
1112 -433.766914 332.758452
1113 -433.766927 329.383467
1114 -433.765577 322.844414
1115 -433.762735 313.865725
1116 -433.759169 303.816462
1117 -433.755966 294.397202
1118 -433.753881 287.180128
1119 -433.753090 283.245468
1120 -433.753355 283.049066
1121 -433.754695 286.446804
1122 -433.757075 292.713035
1123 -433.759615 300.659694
1124 -433.761660 308.966934
1125 -433.763091 316.479587
1126 -433.764430 322.307864
1127 -433.765864 325.696685
1128 -433.766794 325.987114
1129 -433.766245 322.883906
1130 -433.764161 316.739897
1131 -433.760634 308.653897
1132 -433.756687 300.326826
1133 -433.753940 293.626131
1134 -433.753288 289.958883
1135 -433.754351 289.846154
1136 -433.756446 292.930890
1137 -433.758705 298.275987
1138 -433.761073 304.703647
1139 -433.763340 310.973754
1140 -433.764436 316.002301
1141 -433.764377 319.168173
1142 -433.763315 320.401697
1143 -433.761897 320.063290
1144 -433.760058 318.782496
1145 -433.758054 317.363977
1146 -433.756633 316.647883
1147 -433.756922 317.165750
1148 -433.758781 318.806627
1149 -433.761560 320.827470
1150 -433.764136 322.123341
1151 -433.764715 321.742383
1152 -433.762978 319.530187
1153 -433.760901 316.151828
1154 -433.759126 312.555827
1155 -433.757935 309.574795
1156 -433.757698 307.719838
1157 -433.757995 307.124815
1158 -433.758809 307.629520
1159 -433.759318 308.908843
1160 -433.759170 310.711438
1161 -433.758652 313.032332
1162 -433.758724 315.968154
1163 -433.759559 319.431721
1164 -433.761013 323.029369
1165 -433.762934 326.092780
1166 -433.764567 327.818079
1167 -433.765043 327.569881
1168 -433.764576 325.143485
1169 -433.763211 320.826857
1170 -433.761281 315.315159
1171 -433.759420 309.521241
1172 -433.757867 304.356057
1173 -433.756801 300.566138
1174 -433.756489 298.624950
1175 -433.756607 298.706850
1176 -433.756896 300.772894
1177 -433.757581 304.615675
1178 -433.758779 309.820799
1179 -433.761341 315.659462
1180 -433.764515 320.953156
1181 -433.766729 324.334682
1182 -433.767398 324.813744
1183 -433.766725 322.052155
1184 -433.764666 316.382244
1185 -433.762036 308.704336
1186 -433.759212 300.252365
1187 -433.756649 292.356509
1188 -433.754383 286.270056
1189 -433.752760 283.046577
1190 -433.752755 283.308779
1191 -433.754658 286.912305
1192 -433.757515 292.897398
1193 -433.760561 299.808068
1194 -433.762668 306.168038
1195 -433.764508 310.806547
1196 -433.764593 312.983162
1197 -433.762721 312.673937
1198 -433.760696 310.570809
1199 -433.759429 307.566015
1200 -433.759008 304.314420
1201 -433.758781 301.187283
1202 -433.758422 298.441142
1203 -433.757441 296.383696
1204 -433.756241 295.485830
1205 -433.755520 296.264719
1206 -433.755965 298.981425
1207 -433.757129 303.470077
1208 -433.758613 309.213377
1209 -433.760416 315.470530
1210 -433.762129 321.358671
1211 -433.763052 326.042457
1212 -433.763323 328.976129
1213 -433.763003 329.955383
1214 -433.762186 329.087403
1215 -433.761335 326.707007
1216 -433.759862 323.322473
1217 -433.758666 319.574945
1218 -433.757757 316.038048
1219 -433.757227 313.101033
1220 -433.757079 310.981855
1221 -433.757684 309.672187
1222 -433.757367 309.059537
1223 -433.757512 309.115506
1224 -433.758328 309.681510
1225 -433.759092 310.377030
1226 -433.759953 310.790405
1227 -433.760408 310.601535
1228 -433.760203 309.704863
1229 -433.759460 308.287663
1230 -433.758228 306.776457
1231 -433.756618 305.778114
1232 -433.755493 305.974617
1233 -433.755679 307.813517
1234 -433.756911 311.231952
1235 -433.758385 315.718039
1236 -433.759277 320.627241
1237 -433.759969 325.426695
1238 -433.760504 329.708583
1239 -433.760944 333.133272
1240 -433.761489 335.376717
1241 -433.762266 336.065888
1242 -433.763255 334.767716
1243 -433.763846 331.064624
1244 -433.763393 324.776730
1245 -433.761536 316.219954
1246 -433.758549 306.303788
1247 -433.755620 296.398849
1248 -433.753504 287.916014
1249 -433.752124 281.961366
1250 -433.751433 279.272846
1251 -433.751651 280.166999
1252 -433.752865 284.449439
1253 -433.755173 291.405570
1254 -433.758068 299.882922
1255 -433.760667 308.516950
1256 -433.762117 316.111775
1257 -433.763000 321.889836
1258 -433.763172 325.458110
1259 -433.762366 326.785739
1260 -433.761147 326.211734
1261 -433.760008 324.274206
1262 -433.758611 321.566981
1263 -433.757543 318.712798
1264 -433.757351 316.210622
1265 -433.757746 314.244594
1266 -433.758531 312.709354
1267 -433.759665 311.301171
1268 -433.760591 309.608408
1269 -433.761104 307.272599
1270 -433.761025 304.126870
1271 -433.760493 300.272867
1272 -433.759815 296.030351
1273 -433.758740 291.847910
1274 -433.757335 288.311176
1275 -433.756172 286.093514
1276 -433.755501 285.774565
1277 -433.755670 287.667802
1278 -433.756590 291.717545
1279 -433.757930 297.499483
1280 -433.759177 304.368341
1281 -433.760462 311.614729
1282 -433.761602 318.531134
1283 -433.762211 324.514318
1284 -433.761738 329.245566
1285 -433.761582 332.720562
1286 -433.761993 334.955418
1287 -433.762359 335.810144
1288 -433.762211 335.154747
1289 -433.762217 332.957373
1290 -433.761548 329.274630
1291 -433.760296 324.381512
1292 -433.759121 318.762950
1293 -433.757882 312.976041
1294 -433.756845 307.585967
1295 -433.755446 303.168670
1296 -433.754513 300.291244
1297 -433.754897 299.249003
1298 -433.756282 299.808260
1299 -433.757749 301.320751
1300 -433.758689 303.064250
1301 -433.758999 304.515609
1302 -433.758602 305.466945
1303 -433.758265 305.988335
1304 -433.757751 306.285885
1305 -433.757525 306.587811
1306 -433.758189 306.966218
1307 -433.759141 307.167993
1308 -433.759161 306.836134
1309 -433.758363 305.893474
1310 -433.757631 304.604841
1311 -433.757096 303.324790
1312 -433.756500 302.382574
1313 -433.756066 302.102613
1314 -433.755514 302.786119
1315 -433.755582 304.652135
1316 -433.756780 307.614823
1317 -433.758415 311.162363
1318 -433.759334 314.617990
1319 -433.759307 317.545459
1320 -433.758848 319.872993
1321 -433.758498 321.738728
1322 -433.759173 323.217534
1323 -433.760194 324.095897
1324 -433.761238 323.972642
1325 -433.761828 322.464051
1326 -433.761444 319.400578
1327 -433.760322 314.987251
1328 -433.758769 309.751660
1329 -433.756843 304.453317
1330 -433.755175 299.969023
1331 -433.754044 297.069788
1332 -433.753525 296.263888
1333 -433.753777 297.754527
1334 -433.755271 301.321758
1335 -433.757191 306.277626
1336 -433.759636 311.633638
1337 -433.762492 316.205176
1338 -433.764785 318.736887
1339 -433.765670 318.244898
1340 -433.763998 314.432730
1341 -433.760768 307.981166
1342 -433.757821 300.222160
1343 -433.755040 292.610450
1344 -433.752708 286.543491
1345 -433.750923 283.250935
1346 -433.750665 283.589479
1347 -433.752127 287.752770
1348 -433.755003 295.142135
1349 -433.758389 304.519738
1350 -433.761425 314.349227
1351 -433.764114 323.141513
1352 -433.766301 329.614227
1353 -433.767097 332.840785
1354 -433.766150 332.518987
1355 -433.763798 329.107175
1356 -433.760604 323.716836
1357 -433.757511 317.830940
1358 -433.756057 312.814466
1359 -433.755895 309.468885
1360 -433.756698 307.985175
1361 -433.758055 308.094459
1362 -433.759083 309.282933
1363 -433.759682 311.060437
1364 -433.760266 313.038881
1365 -433.760353 314.919250
1366 -433.760017 316.562169
1367 -433.759498 318.010910
1368 -433.759472 319.359471
1369 -433.760134 320.535591
1370 -433.761112 321.244347
1371 -433.761685 321.133587
1372 -433.761759 319.990585
1373 -433.760879 317.865169
1374 -433.759596 315.130031
1375 -433.758492 312.324214
1376 -433.757272 309.989882
1377 -433.756450 308.634754
1378 -433.756679 308.544213
1379 -433.757747 309.587027
1380 -433.759505 311.219815
1381 -433.761077 312.650858
1382 -433.761372 313.201072
1383 -433.760550 312.673880
1384 -433.759395 311.349347
1385 -433.758388 309.726917
1386 -433.758061 308.263629
1387 -433.758431 307.179820
1388 -433.758595 306.471009
1389 -433.758756 306.113303
1390 -433.759170 306.054593
1391 -433.759280 306.172474
1392 -433.758947 306.412509
1393 -433.759043 306.781406
1394 -433.759878 307.107266
1395 -433.760536 306.988803
1396 -433.760263 306.104285
1397 -433.759765 304.447765
1398 -433.758853 302.261596
1399 -433.757221 300.008536
1400 -433.755713 298.377301
1401 -433.755150 297.992249
1402 -433.755630 299.123401
1403 -433.756273 301.648986
1404 -433.755861 305.342529
1405 -433.756338 310.115047
1406 -433.758418 315.614154
1407 -433.760502 320.998379
1408 -433.762263 325.306678
1409 -433.763492 327.710425
1410 -433.764041 327.620364
1411 -433.763151 324.853725
1412 -433.761073 319.800536
1413 -433.758629 313.346287
1414 -433.756565 306.539861
1415 -433.754840 300.331702
1416 -433.753609 295.504616
1417 -433.753410 292.584001
1418 -433.753787 291.742762
1419 -433.754740 292.847987
1420 -433.756268 295.496157
1421 -433.758138 299.019372
1422 -433.759847 302.608166
1423 -433.760987 305.475870
1424 -433.760708 307.109885
1425 -433.759544 307.514420
1426 -433.759199 307.012707
1427 -433.759259 305.837483
1428 -433.758722 304.127100
1429 -433.757840 302.164452
1430 -433.757189 300.381689
1431 -433.756817 299.162858
1432 -433.756237 298.797945
1433 -433.755663 299.584077
1434 -433.755234 301.786186
1435 -433.755778 305.515920
1436 -433.757290 310.516858
1437 -433.758327 316.229608
1438 -433.759413 322.096566
1439 -433.760811 327.554888
1440 -433.763082 331.869264
1441 -433.765277 334.097413
1442 -433.766338 333.365224
1443 -433.765361 329.297730
1444 -433.762594 322.354952
1445 -433.759727 313.707230
1446 -433.756842 304.800433
1447 -433.753781 297.174607
1448 -433.750931 292.366046
1449 -433.749305 291.647083
1450 -433.750478 295.552016
1451 -433.754456 303.379238
1452 -433.759692 313.241651
1453 -433.764716 322.661720
1454 -433.767366 329.366172
1455 -433.767435 332.005842
1456 -433.765831 330.372570
1457 -433.763239 325.128030
1458 -433.759857 317.506661
1459 -433.756771 309.064082
1460 -433.754663 301.276096
1461 -433.753259 295.233008
1462 -433.752601 291.634004
1463 -433.752774 290.829040
1464 -433.754108 292.725059
1465 -433.755873 296.789698
1466 -433.757647 302.239894
1467 -433.759484 308.208537
1468 -433.761292 313.816996
1469 -433.763226 318.202959
1470 -433.764805 320.548298
1471 -433.765508 320.226348
1472 -433.764225 317.096751
1473 -433.761043 311.806855
1474 -433.757568 305.732994
1475 -433.754900 300.459725
1476 -433.753933 297.232304
1477 -433.754250 296.659850
1478 -433.755429 298.715594
1479 -433.756777 302.921568
1480 -433.758529 308.577936
1481 -433.761216 314.744911
1482 -433.763778 320.205047
1483 -433.765516 323.766138
1484 -433.765771 324.629280
1485 -433.764409 322.667000
1486 -433.762499 318.433728
1487 -433.760584 312.861673
1488 -433.758033 307.060071
1489 -433.754681 302.390479
1490 -433.752482 300.316632
1491 -433.753651 301.672276
1492 -433.757461 305.958975
1493 -433.761227 311.570572
1494 -433.763419 316.730310
1495 -433.764765 320.123713
1496 -433.765395 320.937079
1497 -433.764970 318.799876
1498 -433.762812 313.927342
1499 -433.759535 307.241046
1500 -433.756331 300.172504
1501 -433.754574 294.138822
1502 -433.753819 290.115858
1503 -433.754121 288.550710
1504 -433.754781 289.426449
1505 -433.756199 292.380793
1506 -433.757630 296.791663
1507 -433.758787 301.939686
1508 -433.759575 307.195806
1509 -433.760547 312.059145
1510 -433.761723 316.039035
1511 -433.762318 318.676632
1512 -433.762260 319.762923
1513 -433.761981 319.363562
1514 -433.760876 317.761343
1515 -433.759296 315.500397
1516 -433.757538 313.329640
1517 -433.756490 311.986245
1518 -433.756645 311.898831
1519 -433.757816 312.995789
1520 -433.759369 314.775455
1521 -433.760653 316.574316
1522 -433.760950 317.875266
1523 -433.760882 318.487742
1524 -433.760795 318.428924
1525 -433.760364 317.763525
1526 -433.759412 316.670648
1527 -433.759088 315.415942
1528 -433.759614 314.089567
1529 -433.760262 312.507063
1530 -433.760464 310.445345
1531 -433.760297 307.841286
1532 -433.759649 304.836746
1533 -433.758575 301.790461
1534 -433.757191 299.245527
1535 -433.755880 297.822045
1536 -433.755190 298.037321
1537 -433.755704 300.080496
1538 -433.756808 303.703114
1539 -433.758156 308.359555
1540 -433.759640 313.375050
1541 -433.761054 318.035439
1542 -433.762150 321.665808
1543 -433.761866 323.814019
1544 -433.760562 324.526769
1545 -433.759980 324.216612
1546 -433.759746 323.232470
1547 -433.760043 321.718041
1548 -433.760134 319.683128
1549 -433.759558 317.201017
1550 -433.758658 314.569964
1551 -433.757959 312.225800
1552 -433.757771 310.530687
1553 -433.758023 309.628408
1554 -433.758596 309.422458
1555 -433.759861 309.601099
1556 -433.760953 309.672233
1557 -433.760872 309.234410
1558 -433.759685 308.341796
1559 -433.758544 307.453890
1560 -433.758084 307.058633
1561 -433.758527 307.396934
1562 -433.759112 308.409753
1563 -433.759212 309.922531
1564 -433.758881 311.877624
1565 -433.758858 314.312667
1566 -433.759443 317.167573
1567 -433.760862 320.117711
1568 -433.762417 322.558891
1569 -433.763394 323.813297
1570 -433.763636 323.407793
1571 -433.762606 321.269363
1572 -433.760827 317.826578
1573 -433.759362 313.826401
1574 -433.758019 310.020686
1575 -433.757288 307.046644
1576 -433.757546 305.285399
1577 -433.758591 304.702603
1578 -433.759845 304.913619
1579 -433.760586 305.428844
1580 -433.760140 305.998401
1581 -433.758887 306.818055
1582 -433.757903 308.367800
1583 -433.758413 310.970227
1584 -433.759881 314.427872
1585 -433.761671 318.089533
1586 -433.763247 321.145577
1587 -433.764574 322.851537
1588 -433.765093 322.657339
1589 -433.764431 320.411366
1590 -433.762235 316.543809
1591 -433.759391 312.065092
1592 -433.758005 308.134962
1593 -433.757890 305.458374
1594 -433.758804 304.135019
1595 -433.759778 303.825996
1596 -433.760052 304.088978
1597 -433.760561 304.588083
1598 -433.760936 305.013343
1599 -433.760718 305.117648
1600 -433.760389 304.818418
1601 -433.760085 304.153535
1602 -433.759458 303.240073
1603 -433.758492 302.342086
1604 -433.757988 301.825440
1605 -433.758396 301.901319
1606 -433.759276 302.454527
1607 -433.759308 303.210760
1608 -433.758614 304.095767
1609 -433.758566 305.210615
1610 -433.759347 306.473185
1611 -433.759865 307.576911
1612 -433.760068 308.259149
1613 -433.760310 308.381224
1614 -433.760414 307.849658
1615 -433.759793 306.689646
1616 -433.759036 305.169908
1617 -433.758354 303.713031
1618 -433.757675 302.760476
1619 -433.757579 302.687877
1620 -433.758308 303.622006
1621 -433.759426 305.356773
1622 -433.759714 307.542786
1623 -433.759133 310.020550
1624 -433.758948 312.836973
1625 -433.759825 315.907116
1626 -433.761115 318.818533
1627 -433.761873 321.033419
1628 -433.761750 322.231131
1629 -433.760807 322.477438
1630 -433.759939 322.137815
1631 -433.759546 321.605080
1632 -433.759909 321.075302
1633 -433.760495 320.483748
1634 -433.761275 319.611343
1635 -433.761820 318.196726
1636 -433.761403 316.123313
1637 -433.760592 313.599285
1638 -433.759538 311.080352
1639 -433.758692 309.100945
1640 -433.758294 308.106142
1641 -433.758969 308.249837
1642 -433.760383 309.258561
1643 -433.762152 310.501767
1644 -433.763518 311.198937
1645 -433.763107 310.807421
1646 -433.761620 309.376501
1647 -433.760531 307.373334
1648 -433.759214 305.316683
1649 -433.757583 303.796780
1650 -433.756092 303.524363
1651 -433.755220 305.111826
1652 -433.755522 308.827354
1653 -433.757347 314.387337
1654 -433.760529 320.848998
1655 -433.764380 326.738212
1656 -433.767598 330.393657
1657 -433.768737 330.483335
1658 -433.767368 326.566132
1659 -433.763591 319.338286
1660 -433.759129 310.480952
1661 -433.755808 301.997405
1662 -433.753527 295.528880
1663 -433.752302 292.195670
1664 -433.752709 292.539930
1665 -433.755271 296.321848
1666 -433.758707 302.479462
1667 -433.761818 309.496224
1668 -433.763981 315.899671
1669 -433.765354 320.548150
1670 -433.765830 322.712555
1671 -433.765389 322.134011
1672 -433.764106 319.044905
1673 -433.762358 314.085083
1674 -433.760040 308.209300
1675 -433.757796 302.574822
1676 -433.756311 298.274850
1677 -433.755968 296.032533
1678 -433.756673 296.025749
1679 -433.757656 297.966559
1680 -433.758665 301.351345
1681 -433.759887 305.628604
1682 -433.761223 310.207563
1683 -433.761748 314.543876
1684 -433.761721 318.332800
1685 -433.761574 321.497347
1686 -433.761400 324.046927
1687 -433.761562 325.957614
1688 -433.761420 327.179047
1689 -433.761420 327.702782
1690 -433.761311 327.528093
1691 -433.760924 326.687747
1692 -433.760102 325.317715
1693 -433.759548 323.638872
1694 -433.759499 321.824261
1695 -433.760155 319.851126
1696 -433.761066 317.470442
1697 -433.761910 314.307158
1698 -433.762331 310.021828
1699 -433.761605 304.525454
1700 -433.759440 298.245826
1701 -433.756503 292.228796
1702 -433.754144 287.841274
1703 -433.753008 286.257494
1704 -433.753328 288.090001
1705 -433.755649 293.171730
1706 -433.759350 300.440496
1707 -433.762771 308.234476
1708 -433.764668 314.953900
1709 -433.765184 319.559860
1710 -433.764806 321.655591
1711 -433.763428 321.382144
1712 -433.761360 319.335021
1713 -433.759608 316.382397
1714 -433.758220 313.384772
1715 -433.757529 311.003775
1716 -433.757202 309.632078
1717 -433.757403 309.383199
1718 -433.758493 310.049293
1719 -433.760328 311.028389
1720 -433.761737 311.474531
1721 -433.761884 310.721749
1722 -433.760802 308.619974
1723 -433.759308 305.541685
1724 -433.758015 302.110296
1725 -433.756751 298.982245
1726 -433.756110 296.758239
1727 -433.755770 295.852901
1728 -433.755270 296.540475
1729 -433.755002 299.068892
1730 -433.755112 303.581159
1731 -433.755925 310.002832
1732 -433.757903 317.902435
1733 -433.760632 326.366476
1734 -433.763283 334.136624
1735 -433.765844 339.889136
1736 -433.767940 342.414402
1737 -433.768025 340.907638
1738 -433.765715 335.430068
1739 -433.761883 327.082158
1740 -433.757533 317.683636
1741 -433.753725 309.270295
1742 -433.751729 303.583862
1743 -433.752100 301.561663
1744 -433.753769 303.176831
1745 -433.756580 307.655774
1746 -433.760267 313.671410
1747 -433.763630 319.556438
1748 -433.766210 323.688216
1749 -433.767362 324.837973
1750 -433.766911 322.423954
1751 -433.764992 316.652213
1752 -433.761743 308.502855
1753 -433.758115 299.558524
1754 -433.755367 291.570498
1755 -433.753742 285.959763
1756 -433.753091 283.592024
1757 -433.753292 284.796127
1758 -433.754392 289.437338
1759 -433.756009 296.996241
1760 -433.758425 306.625273
1761 -433.761467 317.117661
1762 -433.764444 326.981566
1763 -433.766796 334.709823
1764 -433.767648 339.138866
1765 -433.767085 339.779175
1766 -433.765476 336.862741
1767 -433.763429 331.148198
1768 -433.760906 323.714602
1769 -433.758262 315.826743
1770 -433.756691 308.692189
1771 -433.756689 303.072743
1772 -433.757079 299.176329
1773 -433.757220 296.972217
1774 -433.756694 296.486065
1775 -433.755449 297.943172
1776 -433.755018 301.682566
1777 -433.756214 307.693653
1778 -433.758825 315.290571
1779 -433.762044 323.207303
1780 -433.764609 329.948321
1781 -433.765472 334.334982
1782 -433.764713 335.889428
1783 -433.763121 334.818498
1784 -433.761604 331.742543
1785 -433.760814 327.327018
1786 -433.759583 322.143322
1787 -433.758400 316.803007
1788 -433.758094 311.828686
1789 -433.758166 307.447489
1790 -433.758180 303.704643
1791 -433.758340 300.591100
1792 -433.758663 298.024009
1793 -433.758507 295.925152
1794 -433.758638 294.286198
1795 -433.758754 293.094264
1796 -433.759402 292.282524
1797 -433.760488 291.621016
1798 -433.760874 290.830837
1799 -433.760395 289.877608
1800 -433.759154 289.074721
1801 -433.757619 289.022560
1802 -433.756895 290.358648
1803 -433.757236 293.386248
1804 -433.758218 297.936468
1805 -433.759411 303.503882
1806 -433.760612 309.428169
1807 -433.762521 314.923471
1808 -433.764133 319.059972
1809 -433.764695 321.057960
1810 -433.764186 320.595297
1811 -433.762989 317.833844
1812 -433.761054 313.353405
1813 -433.758622 308.084341
1814 -433.756220 303.180957
1815 -433.754696 299.769852
1816 -433.754416 298.615899
1817 -433.754662 299.990830
1818 -433.755548 303.782473
1819 -433.757930 309.444299
1820 -433.761185 315.840704
1821 -433.763943 321.468882
1822 -433.764982 325.042567
1823 -433.763873 326.008022
1824 -433.761425 324.711992
1825 -433.759282 322.090791
1826 -433.758092 319.107243
1827 -433.757730 316.424538
1828 -433.757669 314.397643
1829 -433.757344 313.213215
1830 -433.756768 313.042310
1831 -433.757354 313.991021
1832 -433.759007 315.788114
1833 -433.760189 317.841335
1834 -433.761363 319.587507
1835 -433.762549 320.531571
1836 -433.763585 320.184995
1837 -433.763564 318.192869
1838 -433.762565 314.574113
1839 -433.761001 309.741890
1840 -433.758760 304.452728
1841 -433.756737 299.710329
1842 -433.755435 296.457214
1843 -433.755122 295.296206
1844 -433.755989 296.336241
1845 -433.757898 299.142642
1846 -433.759830 302.840039
1847 -433.760347 306.549718
1848 -433.760123 309.841413
1849 -433.760468 312.586233
1850 -433.761143 314.592897
1851 -433.761071 315.683308
1852 -433.760003 315.994630
1853 -433.758932 316.000977
1854 -433.758476 316.225727
1855 -433.758673 316.968150
1856 -433.759181 318.286972
1857 -433.759999 320.050580
1858 -433.761020 321.927602
1859 -433.761982 323.450904
1860 -433.763363 324.075845
1861 -433.765005 323.144249
1862 -433.766030 319.997222
1863 -433.765344 314.346894
1864 -433.762597 306.641105
1865 -433.758882 298.136800
1866 -433.755744 290.495447
1867 -433.753488 285.206321
1868 -433.752476 283.298265
1869 -433.753557 285.134607
1870 -433.756214 290.213339
1871 -433.759387 297.330115
1872 -433.762232 305.010830
1873 -433.764015 311.943400
1874 -433.764276 317.310459
1875 -433.763527 320.933322
1876 -433.762732 323.094808
1877 -433.762288 324.203720
1878 -433.762237 324.566091
1879 -433.762207 324.333665
1880 -433.761949 323.613836
1881 -433.761971 322.513426
1882 -433.761410 321.164045
1883 -433.760754 319.814136
1884 -433.760617 318.723034
1885 -433.760866 317.965833
1886 -433.761380 317.419265
1887 -433.761715 316.873056
1888 -433.762162 316.104437
1889 -433.762825 314.834859
1890 -433.763020 312.759302
1891 -433.762371 309.774762
1892 -433.761499 306.076072
1893 -433.760288 302.064094
1894 -433.759068 298.265599
1895 -433.757610 295.269093
1896 -433.756512 293.663294
1897 -433.756272 293.853408
1898 -433.757070 295.858734
1899 -433.758948 299.216115
1900 -433.760848 303.097998
1901 -433.761639 306.690119
1902 -433.761511 309.540973
1903 -433.760771 311.622689
1904 -433.760415 313.141654
1905 -433.759900 314.330165
1906 -433.759331 315.446741
1907 -433.759517 316.702322
1908 -433.760868 317.974262
1909 -433.762601 318.706113
1910 -433.763600 318.203106
1911 -433.763314 316.085042
1912 -433.761969 312.520582
1913 -433.760340 308.137718
1914 -433.758958 303.736191
1915 -433.757372 300.095192
1916 -433.755356 298.038187
1917 -433.754171 298.410033
1918 -433.755304 301.597594
1919 -433.757203 307.201105
1920 -433.759498 314.279249
1921 -433.762223 321.594524
1922 -433.764701 327.765459
1923 -433.766189 331.571585
1924 -433.766825 332.241607
1925 -433.766585 329.482327
1926 -433.764706 323.522091
1927 -433.761680 315.230537
1928 -433.758465 305.967638
1929 -433.756100 297.200390
1930 -433.754461 290.156075
1931 -433.753273 285.734261
1932 -433.752983 284.497321
1933 -433.753738 286.567116
1934 -433.755426 291.582435
1935 -433.757669 298.781783
1936 -433.759761 307.200465
1937 -433.761039 315.909436
1938 -433.761618 324.244374
1939 -433.763230 331.667482
1940 -433.764724 337.517744
1941 -433.765618 341.156247
1942 -433.765468 342.242277
1943 -433.764349 340.891717
1944 -433.762964 337.597172
1945 -433.761050 333.095987
1946 -433.759984 328.213881
1947 -433.759958 323.493941
1948 -433.759915 319.122846
1949 -433.759713 315.203437
1950 -433.759178 311.898152
1951 -433.758839 309.411968
1952 -433.759021 307.835936
1953 -433.759708 307.040673
1954 -433.760220 306.752651
1955 -433.760542 306.711184
1956 -433.760841 306.719559
1957 -433.761156 306.598878
1958 -433.761687 306.139696
1959 -433.762219 305.098054
1960 -433.762292 303.268553
1961 -433.761621 300.649159
1962 -433.760335 297.551999
1963 -433.758506 294.590001
1964 -433.757027 292.544784
1965 -433.756577 292.059348
1966 -433.757172 293.362308
1967 -433.758438 296.205687
1968 -433.759589 300.031687
1969 -433.760374 304.252600
1970 -433.761443 308.366168
1971 -433.762622 311.853239
1972 -433.763063 314.257413
1973 -433.762866 315.391902
1974 -433.762627 315.294028
1975 -433.762507 314.065986
1976 -433.762010 311.833505
1977 -433.760523 308.925376
1978 -433.758800 306.009966
1979 -433.757336 303.878548
1980 -433.755886 303.284376
1981 -433.756165 304.749749
1982 -433.758190 308.124898
1983 -433.760544 312.577414
1984 -433.762325 317.047798
1985 -433.763523 320.643688
1986 -433.763680 322.795858
1987 -433.762732 323.403166
1988 -433.761551 322.824684
1989 -433.760402 321.610404
1990 -433.759242 320.310561
1991 -433.758076 319.420275
1992 -433.757359 319.342805
1993 -433.757937 320.216432
1994 -433.759966 321.651097
1995 -433.761883 322.807662
1996 -433.762841 322.868482
1997 -433.763155 321.352274
1998 -433.763103 318.082559
1999 -433.762190 313.168946
2000 -433.760149 307.119118
2001 -433.757767 300.858852
2002 -433.756166 295.455931
2003 -433.755523 291.725540
2004 -433.755260 290.117251
2005 -433.754997 290.861880
2006 -433.755637 294.014062
2007 -433.757535 299.230093
2008 -433.760049 305.648485
2009 -433.761804 312.168959
2010 -433.762668 317.871484
2011 -433.763261 322.148603
2012 -433.763664 324.598381
2013 -433.763396 325.017258
2014 -433.762315 323.530456
2015 -433.761082 320.595363
2016 -433.760051 316.780957
2017 -433.758679 312.659582
2018 -433.757381 308.869576
2019 -433.756639 306.018606
2020 -433.757189 304.444953
2021 -433.758380 304.034208
2022 -433.759002 304.416558
2023 -433.759640 305.287510
2024 -433.760431 306.353924
2025 -433.760810 307.300682
2026 -433.760053 308.025419
2027 -433.759058 308.759737
2028 -433.758620 309.846658
2029 -433.759513 311.373144
2030 -433.761038 312.961325
2031 -433.761835 313.992780
2032 -433.761948 314.044072
2033 -433.762195 312.970547
2034 -433.762473 310.705296
2035 -433.761993 307.292521
2036 -433.761062 303.014641
2037 -433.759272 298.389122
2038 -433.756825 294.234236
2039 -433.755256 291.514607
2040 -433.753978 291.016300
2041 -433.753387 293.276029
2042 -433.754338 298.428565
2043 -433.756761 305.961251
2044 -433.760005 314.738000
2045 -433.763880 323.189727
2046 -433.767068 329.587961
2047 -433.768268 332.552824
2048 -433.767632 331.534359
2049 -433.764966 326.910695
2050 -433.761289 319.892092
2051 -433.758326 312.090708
2052 -433.756201 304.920484
2053 -433.754806 299.419406
2054 -433.754415 296.243202
2055 -433.755052 295.602819
2056 -433.756604 297.226733
2057 -433.759128 300.361587
2058 -433.761234 303.952337
2059 -433.762059 307.071030
2060 -433.762063 309.244445
2061 -433.761640 310.413690
2062 -433.761396 310.748128
2063 -433.761172 310.464010
2064 -433.760782 309.753968
2065 -433.759977 308.852580
2066 -433.758930 308.104347
2067 -433.758624 307.837800
2068 -433.758761 308.153521
2069 -433.759158 308.943379
2070 -433.760190 309.958395
2071 -433.760779 310.833507
2072 -433.760503 311.336156
2073 -433.760259 311.488301
2074 -433.759924 311.383026
2075 -433.758995 311.174791
2076 -433.758080 311.182523
2077 -433.757872 311.733248
2078 -433.758447 312.924996
2079 -433.759019 314.631365
2080 -433.759647 316.645780
2081 -433.760456 318.701274
2082 -433.761605 320.412484
2083 -433.762653 321.263850
2084 -433.763252 320.798494
2085 -433.763263 318.804872
2086 -433.762554 315.377052
2087 -433.761192 310.961102
2088 -433.759303 306.306490
2089 -433.757348 302.345846
2090 -433.755458 300.039890
2091 -433.754977 300.136953
2092 -433.756145 302.795300
2093 -433.758106 307.468459
2094 -433.760236 313.184574
2095 -433.762000 318.865071
2096 -433.762779 323.608979
2097 -433.762693 326.908195
2098 -433.762954 328.582122
2099 -433.763347 328.494504
2100 -433.762852 326.573102
2101 -433.762095 322.993979
2102 -433.761142 318.112488
2103 -433.759502 312.448420
2104 -433.757451 306.774129
2105 -433.755568 302.026955
2106 -433.754292 299.056151
2107 -433.753898 298.404316
2108 -433.754445 300.188784
2109 -433.756215 304.061330
2110 -433.759012 309.162661
2111 -433.761637 314.267107
2112 -433.763549 318.186356
2113 -433.764770 320.028021
2114 -433.764177 319.383819
2115 -433.762189 316.555247
2116 -433.760432 312.395180
2117 -433.759357 307.774708
2118 -433.758309 303.345081
2119 -433.757228 299.637126
2120 -433.756805 297.060092
2121 -433.757417 295.721704
2122 -433.758249 295.376188
2123 -433.758130 295.754024
2124 -433.757052 296.933334
2125 -433.755972 299.329919
2126 -433.756035 303.327835
2127 -433.757466 308.871178
2128 -433.759829 315.323830
2129 -433.761896 321.695696
2130 -433.763821 326.976457
2131 -433.765581 330.266090
2132 -433.766415 330.859650
2133 -433.765471 328.498001
2134 -433.763029 323.653465
2135 -433.760004 317.422888
2136 -433.758141 311.049871
2137 -433.757029 305.483304
2138 -433.756577 301.272467
2139 -433.756610 298.690203
2140 -433.757035 297.800643
2141 -433.758039 298.453806
2142 -433.759401 300.239556
2143 -433.760346 302.584126
2144 -433.760457 305.054287
2145 -433.760205 307.501610
2146 -433.760150 309.935527
2147 -433.760327 312.320475
2148 -433.760166 314.562275
2149 -433.759663 316.680528
2150 -433.759242 318.808088
2151 -433.759554 320.983822
2152 -433.760006 323.062499
2153 -433.760583 324.795779
2154 -433.761190 325.935097
2155 -433.761299 326.302214
2156 -433.760642 325.908342
2157 -433.760059 324.965355
2158 -433.760339 323.646014
2159 -433.761261 321.838909
2160 -433.760890 319.366711
2161 -433.760029 316.376907
2162 -433.759476 313.213737
2163 -433.759169 310.146982
2164 -433.758357 307.385972
2165 -433.757416 305.230593
2166 -433.756663 304.039613
2167 -433.756947 304.036576
2168 -433.757877 305.117877
2169 -433.758869 306.887209
2170 -433.759703 308.876778
2171 -433.760616 310.638156
2172 -433.761404 311.748623
2173 -433.761847 311.879687
2174 -433.761745 310.881905
2175 -433.760835 308.903708
2176 -433.759932 306.389774
2177 -433.758908 303.895801
2178 -433.757690 302.010874
2179 -433.756300 301.368981
2180 -433.755575 302.544638
2181 -433.756474 305.745000
2182 -433.758645 310.517743
2183 -433.760987 315.879684
2184 -433.762686 320.737807
2185 -433.762950 324.292540
2186 -433.762161 326.291851
2187 -433.761400 326.931780
2188 -433.761461 326.460249
2189 -433.761146 324.981364
2190 -433.760751 322.650479
2191 -433.759891 319.782721
2192 -433.758388 316.911639
2193 -433.757296 314.729475
2194 -433.757447 313.695752
2195 -433.758811 313.734659
2196 -433.760191 314.306289
2197 -433.761768 314.672240
2198 -433.762741 314.110484
2199 -433.762695 312.151166
2200 -433.761461 308.788033
2201 -433.759910 304.490977
2202 -433.758327 299.972621
2203 -433.756181 296.065074
2204 -433.754712 293.683863
2205 -433.754251 293.505152
2206 -433.755047 295.689206
2207 -433.757187 299.797600
2208 -433.759920 304.824134
2209 -433.762156 309.504886
2210 -433.762773 312.802817
2211 -433.761892 314.319953
2212 -433.761381 314.223651
2213 -433.760762 312.853229
2214 -433.760525 310.563939
2215 -433.759383 307.757475
2216 -433.757820 305.028434
2217 -433.756950 303.051685
2218 -433.756797 302.230093
2219 -433.756737 302.664730
2220 -433.756410 304.389790
2221 -433.756935 307.406556
2222 -433.758539 311.418957
2223 -433.760914 315.690031
2224 -433.763433 319.183405
2225 -433.765204 320.833976
2226 -433.764482 320.020429
2227 -433.762273 317.014297
2228 -433.759748 312.747855
2229 -433.756687 308.447961
2230 -433.754465 305.422559
2231 -433.754119 304.556061
2232 -433.755126 305.976132
2233 -433.757520 309.116156
2234 -433.759555 312.939367
2235 -433.760381 316.452297
2236 -433.760532 319.077807
2237 -433.760604 320.544443
2238 -433.760829 320.690657
2239 -433.760197 319.446869
2240 -433.758836 317.050804
2241 -433.757928 313.993000
2242 -433.757028 310.765323
2243 -433.757089 307.728988
2244 -433.757874 304.927213
2245 -433.758245 302.141653
2246 -433.757800 299.248084
2247 -433.757410 296.357683
2248 -433.757124 293.651270
2249 -433.756555 291.345680
2250 -433.755605 289.805771
2251 -433.754542 289.542222
2252 -433.753822 291.097716
2253 -433.753972 294.841271
2254 -433.755507 300.722922
2255 -433.758019 308.131847
2256 -433.760466 316.049172
2257 -433.762028 323.412081
2258 -433.763086 329.396703
2259 -433.763850 333.440815
2260 -433.764855 335.105831
2261 -433.765104 334.082583
2262 -433.764391 330.387529
2263 -433.762887 324.464060
2264 -433.760949 317.111149
2265 -433.758857 309.342918
2266 -433.757170 302.210400
2267 -433.755725 296.632081
2268 -433.754233 293.367713
2269 -433.753539 293.010471
2270 -433.754097 295.758742
2271 -433.755791 301.234421
2272 -433.758051 308.568421
2273 -433.760168 316.663609
2274 -433.761836 324.464947
2275 -433.763338 331.094852
2276 -433.764972 335.789705
2277 -433.765992 337.861465
2278 -433.765787 336.907592
2279 -433.764721 332.995839
2280 -433.762493 326.695704
2281 -433.759017 319.125942
2282 -433.756440 311.773872
2283 -433.755048 305.926585
2284 -433.754641 302.324876
2285 -433.755403 301.138372
2286 -433.757172 301.937095
2287 -433.758900 303.850790
2288 -433.760539 305.913017
2289 -433.761483 307.281810
2290 -433.761465 307.432734
2291 -433.760742 306.266679
2292 -433.759495 304.040508
2293 -433.757994 301.286909
2294 -433.756586 298.684417
2295 -433.756441 296.821693
2296 -433.757470 295.855912
2297 -433.757497 295.622392
2298 -433.756834 296.138329
2299 -433.756506 297.625665
2300 -433.757238 300.139446
2301 -433.758573 303.377167
2302 -433.760144 306.777017
2303 -433.761445 309.700316
2304 -433.762338 311.618428
2305 -433.762632 312.228407
2306 -433.762353 311.481624
2307 -433.760707 309.668844
2308 -433.758356 307.519654
2309 -433.756571 305.977773
2310 -433.756223 305.737675
2311 -433.756559 306.998053
2312 -433.756785 309.633697
2313 -433.757760 313.371232
2314 -433.760197 317.585978
2315 -433.762864 321.172748
2316 -433.764254 322.970322
2317 -433.764440 322.299205
2318 -433.763188 319.136718
2319 -433.760711 314.131280
2320 -433.757559 308.507033
2321 -433.754696 303.750866
2322 -433.753598 301.117092
2323 -433.755116 301.041762
2324 -433.757911 302.933315
2325 -433.760760 305.548983
2326 -433.762427 307.599186
2327 -433.762457 308.281625
2328 -433.761193 307.508317
2329 -433.758756 305.879787
2330 -433.756372 304.457564
2331 -433.754571 304.368419
2332 -433.753857 306.455184
2333 -433.754322 311.073829
2334 -433.756166 317.992612
2335 -433.759271 326.330245
2336 -433.762764 334.649266
2337 -433.765429 341.341522
2338 -433.767052 345.079444
2339 -433.766547 345.166892
2340 -433.764696 341.780757
2341 -433.761836 335.848859
2342 -433.758879 328.738030
2343 -433.756738 321.874823
2344 -433.755829 316.326052
2345 -433.756103 312.578680
2346 -433.757155 310.554209
2347 -433.758755 309.772054
2348 -433.760840 309.470556
2349 -433.762479 308.736774
2350 -433.762674 306.860489
2351 -433.761207 303.726827
2352 -433.759439 299.820890
2353 -433.757143 295.979886
2354 -433.754635 293.264137
2355 -433.753026 292.751631
2356 -433.753308 295.116720
2357 -433.755781 300.195640
2358 -433.759194 306.928515
2359 -433.762447 313.772956
2360 -433.764645 319.221330
2361 -433.765133 322.223384
2362 -433.763923 322.468593
2363 -433.762327 320.334088
2364 -433.761071 316.505548
2365 -433.759559 311.704037
2366 -433.757743 306.729509
2367 -433.756838 302.396913
2368 -433.756394 299.251394
2369 -433.755753 297.587937
2370 -433.755413 297.618102
2371 -433.755872 299.385426
2372 -433.756928 302.631770
2373 -433.757798 306.867722
2374 -433.758541 311.596192
2375 -433.759837 316.309465
2376 -433.761118 320.384985
2377 -433.762244 323.186145
2378 -433.762656 324.240817
2379 -433.762430 323.380459
2380 -433.761389 320.783281
2381 -433.759530 317.006163
2382 -433.757561 312.903729
2383 -433.756143 309.358445
2384 -433.755536 307.023511
2385 -433.755946 306.195524
2386 -433.757087 306.770743
2387 -433.758990 308.250862
2388 -433.760414 309.910066
2389 -433.760567 311.183635
2390 -433.760522 311.878441
2391 -433.760021 312.038191
2392 -433.759010 311.904120
2393 -433.758290 311.875313
2394 -433.758535 312.208565
2395 -433.758403 312.929057
2396 -433.758333 314.037844
2397 -433.759318 315.436744
2398 -433.760858 316.710481
2399 -433.762301 317.228223
2400 -433.762388 316.491326
2401 -433.760978 314.509894
2402 -433.759536 311.814371
2403 -433.758508 309.036423
2404 -433.758195 306.611374
2405 -433.758628 304.673046
2406 -433.759346 303.049782
2407 -433.759697 301.460222
2408 -433.759198 299.785639
2409 -433.757842 298.269252
2410 -433.756617 297.448386
2411 -433.756570 297.793095
2412 -433.757250 299.376723
2413 -433.757818 301.954150
2414 -433.758644 305.171044
2415 -433.759473 308.602919
2416 -433.760203 311.823246
2417 -433.760419 314.500816
2418 -433.759971 316.512452
2419 -433.759366 317.981817
2420 -433.759019 319.141124
2421 -433.759041 320.137227
2422 -433.758959 321.001558
2423 -433.759145 321.733474
2424 -433.759244 322.309504
2425 -433.759468 322.656586
2426 -433.759688 322.659807
2427 -433.760216 322.179615
2428 -433.761165 320.968210
2429 -433.761183 318.759988
2430 -433.760399 315.573446
2431 -433.759452 311.718295
2432 -433.758371 307.660811
2433 -433.756849 304.005675
2434 -433.755687 301.434232
2435 -433.755306 300.472581
2436 -433.756118 301.230880
2437 -433.757923 303.301356
2438 -433.759829 305.890340
2439 -433.761488 308.131841
2440 -433.762522 309.315229
2441 -433.762327 309.069974
2442 -433.760759 307.574004
2443 -433.758454 305.572184
2444 -433.756935 304.065393
2445 -433.756832 303.792951
2446 -433.757560 304.976436
2447 -433.758650 307.406544
2448 -433.760082 310.588625
2449 -433.761859 313.786463
2450 -433.763173 316.144236
2451 -433.763235 317.029930
2452 -433.762137 316.336773
2453 -433.760877 314.456944
2454 -433.759901 311.956106
2455 -433.759054 309.347945
2456 -433.758221 307.104970
2457 -433.757639 305.644321
2458 -433.757218 305.264235
2459 -433.757243 306.133220
2460 -433.758281 308.181045
2461 -433.759736 310.996449
2462 -433.761355 313.926230
2463 -433.762390 316.293521
2464 -433.762676 317.636826
2465 -433.762055 317.824913
2466 -433.760388 317.125015
2467 -433.758868 316.147720
2468 -433.759093 315.409544
2469 -433.760042 314.923886
2470 -433.760173 314.435889
2471 -433.759486 313.897721
2472 -433.758337 313.563818
2473 -433.756840 313.892403
2474 -433.756229 315.376451
2475 -433.757075 318.172211
2476 -433.758229 321.952739
2477 -433.759771 326.117598
2478 -433.761822 329.878814
2479 -433.763585 332.317404
2480 -433.763892 332.691839
2481 -433.763011 330.788843
2482 -433.761683 326.927417
2483 -433.760379 321.738123
2484 -433.759352 315.919381
2485 -433.758119 310.137123
2486 -433.756673 305.102172
2487 -433.755814 301.509503
2488 -433.755699 299.804745
2489 -433.756242 300.059493
2490 -433.758029 301.951072
2491 -433.760580 304.669094
2492 -433.761925 307.176504
2493 -433.761734 308.808230
2494 -433.760864 309.469892
2495 -433.760219 309.409272
2496 -433.760324 308.863840
2497 -433.760654 307.878821
2498 -433.760428 306.435475
2499 -433.759445 304.699419
2500 -433.758240 303.083872
2501 -433.757463 302.068793
2502 -433.757775 301.926598
2503 -433.758838 302.535946
2504 -433.759695 303.483110
2505 -433.760286 304.322751
2506 -433.760526 304.707451
2507 -433.761011 304.371766
2508 -433.762045 303.005447
2509 -433.762173 300.308124
2510 -433.760878 296.358519
2511 -433.758059 291.872710
2512 -433.754282 288.192911
2513 -433.750972 286.987592
2514 -433.750609 289.560360
2515 -433.752941 296.088944
2516 -433.756180 305.589125
2517 -433.758888 316.548901
2518 -433.760977 327.521773
2519 -433.763523 337.230868
2520 -433.765799 344.430007
2521 -433.767591 348.009636
2522 -433.768268 347.184773
2523 -433.766959 341.758124
2524 -433.763703 332.419303
2525 -433.759431 320.725137
2526 -433.755103 308.730634
2527 -433.751757 298.497755
2528 -433.750701 291.553367
2529 -433.751795 288.450292
2530 -433.754102 288.771560
2531 -433.756450 291.520645
2532 -433.757958 295.619079
2533 -433.759079 300.220805
2534 -433.760437 304.654589
2535 -433.762084 308.236396
2536 -433.763056 310.305087
2537 -433.762629 310.525304
2538 -433.761276 309.128717
2539 -433.759202 306.827100
2540 -433.756534 304.666556
2541 -433.754706 303.797783
2542 -433.754581 304.972846
2543 -433.755823 308.200285
2544 -433.757969 312.826145
2545 -433.760856 317.749976
2546 -433.762885 321.711298
2547 -433.763254 323.792739
2548 -433.762439 323.748104
2549 -433.761485 321.864086
2550 -433.760462 318.632638
2551 -433.758910 314.651538
2552 -433.757476 310.669806
2553 -433.757241 307.354656
2554 -433.757034 305.075084
2555 -433.756717 304.069638
2556 -433.756915 304.492883
2557 -433.757677 306.247517
2558 -433.758774 308.958445
2559 -433.759827 312.110315
2560 -433.760293 315.250694
2561 -433.760273 318.141746
2562 -433.760313 320.730999
2563 -433.761130 322.922915
2564 -433.762462 324.369668
2565 -433.762978 324.611901
2566 -433.762063 323.502568
2567 -433.760567 321.398748
2568 -433.758956 318.959842
2569 -433.757690 316.894168
2570 -433.757670 315.713933
2571 -433.758642 315.486148
2572 -433.760249 315.821380
2573 -433.761933 316.046052
2574 -433.762689 315.483855
2575 -433.761952 313.866532
2576 -433.760437 311.517860
2577 -433.758725 309.173973
2578 -433.757265 307.677560
2579 -433.756658 307.694024
2580 -433.757115 309.470416
2581 -433.758086 312.763721
2582 -433.759916 316.940584
2583 -433.761702 321.108921
2584 -433.763381 324.331707
2585 -433.764204 325.828874
2586 -433.763622 325.224665
2587 -433.761981 322.715907
2588 -433.760174 318.947295
2589 -433.759486 314.619874
2590 -433.759395 310.136088
2591 -433.758752 305.702942
2592 -433.757311 301.673276
2593 -433.756011 298.611552
2594 -433.756032 296.968584
2595 -433.756639 296.792187
2596 -433.757603 297.798398
2597 -433.758898 299.499428
2598 -433.759966 301.296276
2599 -433.760712 302.645207
