121 -452.740942 13.780469
122 -452.748534 13.893574
123 -452.733950 11.879746
124 -452.740795 11.784486
125 -452.743860 12.138708
126 -452.735822 11.904442
127 -452.741940 13.183064
128 -452.744940 14.130574
129 -452.737487 13.663593
130 -452.739029 13.958390
131 -452.746246 14.390748
132 -452.737459 12.841394
133 -452.735063 12.019615
134 -452.744111 12.669653
135 -452.737537 12.271944
136 -452.737689 12.407192
137 -452.744191 13.027450
138 -452.736196 12.492199
139 -452.738026 13.009018
140 -452.745230 14.045406
141 -452.739355 13.352262
142 -452.734137 12.979439
143 -452.746491 14.332254
144 -452.745729 13.597061
145 -452.729561 11.322921
146 -452.740589 12.597913
147 -452.750956 14.011934
148 -452.734950 12.366870
149 -452.737818 12.103046
150 -452.742995 13.107033
151 -452.739260 13.464380
152 -452.740456 13.940186
153 -452.742740 14.129487
154 -452.738402 13.363007
155 -452.737786 13.011653
156 -452.743154 13.186413
157 -452.738365 12.313420
158 -452.735223 11.770493
159 -452.741165 12.596803
160 -452.741619 12.790670
161 -452.735414 12.239988
162 -452.739067 12.923257
163 -452.742205 13.840242
164 -452.739109 14.096582
165 -452.743869 14.302368
166 -452.741304 13.384366
167 -452.735659 12.326865
168 -452.740466 12.949931
169 -452.746778 13.421045
170 -452.735486 12.047226
171 -452.737606 12.146658
172 -452.744949 13.301283
173 -452.737904 13.231884
174 -452.740706 13.526546
175 -452.741027 13.638091
176 -452.737893 13.358591
177 -452.742812 13.347064
178 -452.737241 12.552392
179 -452.736357 12.545393
180 -452.744591 13.417687
181 -452.739639 12.701856
182 -452.734698 11.868769
183 -452.738506 12.663515
184 -452.742103 13.911712
185 -452.742379 13.899623
186 -452.735237 13.062475
187 -452.741525 13.374907
188 -452.740048 13.554443
189 -452.742589 13.506753
190 -452.741828 12.613509
191 -452.732868 11.723352
192 -452.745006 13.143457
193 -452.743928 13.315439
194 -452.734430 12.312777
195 -452.742205 12.798238
196 -452.738845 13.243749
197 -452.742916 13.643089
198 -452.737657 13.394482
199 -452.738887 13.676307
200 -452.745143 13.975279
201 -452.735885 12.599722
202 -452.735517 12.349158
203 -452.744997 13.212489
204 -452.737671 12.602226
205 -452.739206 12.073288
206 -452.737019 12.068731
207 -452.739857 12.881107
208 -452.741569 13.612760
209 -452.736765 13.865991
210 -452.743812 14.638474
211 -452.742247 14.076547
212 -452.736447 12.766785
213 -452.743033 12.309454
214 -452.735242 11.755868
215 -452.743780 12.471706
216 -452.740679 12.475653
217 -452.734705 12.634699
218 -452.747990 14.226030
219 -452.738634 13.656808
220 -452.734921 13.288766
221 -452.744655 14.339341
222 -452.739669 13.956406
223 -452.739279 12.996514
224 -452.737838 12.171232
225 -452.737807 11.954020
226 -452.740360 12.240049
227 -452.736978 12.459016
228 -452.742695 13.043427
229 -452.736693 12.919212
230 -452.737570 13.785367
231 -452.748412 14.986322
232 -452.737869 13.604029
233 -452.736812 12.496223
234 -452.741543 12.645449
235 -452.739672 12.686403
236 -452.740446 12.791561
237 -452.740229 13.012860
238 -452.742487 12.956345
239 -452.736731 12.518549
240 -452.743151 12.857524
241 -452.737934 12.722985
242 -452.737525 13.362609
243 -452.747315 14.435709
244 -452.734881 13.456022
245 -452.738747 13.514371
246 -452.745717 13.713831
247 -452.733208 12.339485
248 -452.741730 12.504789
249 -452.742594 12.146486
250 -452.729518 11.306306
251 -452.742965 13.390026
252 -452.747008 14.389722
253 -452.731654 13.044701
254 -452.740758 13.819633
255 -452.747442 14.188742
256 -452.731152 12.476293
257 -452.742143 13.057331
258 -452.747563 13.023327
259 -452.728960 11.259590
260 -452.743639 12.723566
261 -452.746357 13.534507
262 -452.731584 12.579960
263 -452.743949 13.775356
264 -452.743114 14.013301
265 -452.734111 13.205112
266 -452.742506 13.940307
267 -452.740791 14.077939
268 -452.739626 13.425017
269 -452.740167 12.458023
270 -452.734709 11.448713
271 -452.738104 11.939295
272 -452.742301 12.878917
273 -452.738427 12.848596
274 -452.738023 12.944693
275 -452.739900 13.543921
276 -452.741450 13.862316
277 -452.739904 13.449131
278 -452.737211 13.078380
279 -452.741935 13.463204
280 -452.742260 13.262561
281 -452.738177 12.272875
282 -452.737784 12.028077
283 -452.741146 12.679525
284 -452.739236 13.370978
285 -452.742186 14.208635
286 -452.742934 14.182860
287 -452.737832 12.949534
288 -452.733969 12.592158
289 -452.744257 13.908356
290 -452.741143 13.803558
291 -452.735673 12.900024
292 -452.742217 12.724108
293 -452.735682 11.926757
294 -452.737626 11.987792
295 -452.741477 12.510593
296 -452.735858 12.495761
297 -452.740153 13.304910
298 -452.741264 13.922216
299 -452.739292 13.800272
300 -452.739273 13.627000
301 -452.739913 13.656794
302 -452.741002 13.574068
303 -452.738966 13.241260
304 -452.743146 12.906824
305 -452.737899 11.745824
306 -452.735442 11.329233
307 -452.740095 12.655369
308 -452.743283 13.911581
309 -452.738047 14.036735
310 -452.739667 14.402230
311 -452.744511 14.270893
312 -452.733403 12.662411
313 -452.737570 12.652446
314 -452.744112 13.053308
315 -452.732587 12.301716
316 -452.743661 12.896651
317 -452.739655 12.309210
318 -452.730977 11.643162
319 -452.742815 13.360139
320 -452.740545 14.202883
321 -452.740308 14.071801
322 -452.739964 13.402575
323 -452.736000 12.825887
324 -452.742158 13.186801
325 -452.736817 13.434840
326 -452.748861 13.721010
327 -452.733312 11.648145
328 -452.732346 11.852691
329 -452.754770 14.059195
330 -452.730434 12.384279
331 -452.735418 13.062461
332 -452.750573 15.098927
333 -452.735714 13.905996
334 -452.740313 12.983371
335 -452.735797 12.413444
336 -452.739165 12.825826
337 -452.742174 13.144657
338 -452.736309 12.415459
339 -452.740024 12.052508
340 -452.733685 11.821344
341 -452.739617 13.152585
342 -452.744548 14.194363
343 -452.734641 13.574597
344 -452.741224 13.898351
345 -452.740863 13.723716
346 -452.736020 13.209670
347 -452.745232 13.354702
348 -452.735712 12.202601
349 -452.735677 12.292176
350 -452.745354 13.712973
351 -452.740801 13.333749
352 -452.736201 12.405473
353 -452.740052 12.666492
354 -452.739156 13.211834
355 -452.740862 13.737679
356 -452.739522 13.724355
357 -452.738433 13.396347
358 -452.738710 13.168542
359 -452.737714 13.057751
360 -452.741767 12.978534
361 -452.736056 12.133297
362 -452.736732 12.176947
363 -452.743654 12.901315
364 -452.734037 12.522160
365 -452.737740 13.701039
366 -452.748186 15.079842
367 -452.735124 13.895397
368 -452.740694 13.401455
369 -452.741739 12.768433
370 -452.734075 11.772020
371 -452.741752 12.507772
372 -452.743115 12.848166
373 -452.735136 12.364407
374 -452.742046 13.198963
375 -452.742574 13.420657
376 -452.735510 12.864409
377 -452.740999 13.564613
378 -452.740590 14.159871
379 -452.741944 14.089910
380 -452.736765 13.282899
381 -452.739902 13.174210
382 -452.743362 12.699825
383 -452.728361 11.590478
384 -452.744517 13.362390
385 -452.745006 13.482938
386 -452.727399 11.866788
387 -452.745639 13.236102
388 -452.740229 13.110475
389 -452.730822 12.719831
390 -452.748163 14.442647
391 -452.738283 13.905247
392 -452.739027 13.130222
393 -452.740999 12.672421
394 -452.737065 12.204892
395 -452.743312 12.400010
396 -452.735263 12.323947
397 -452.745633 13.340937
398 -452.739160 12.887852
399 -452.732433 12.855560
400 -452.749606 14.595507
401 -452.736022 13.737209
402 -452.735427 13.418720
403 -452.744868 14.162861
404 -452.738505 13.039274
405 -452.736028 11.622837
406 -452.734991 11.581781
407 -452.741759 12.773417
408 -452.739468 13.349234
409 -452.739941 13.416982
410 -452.737641 13.173802
411 -452.737264 13.453851
412 -452.743608 14.161740
413 -452.739765 13.515091
414 -452.736735 12.758004
415 -452.741026 12.898408
416 -452.740123 12.858328
417 -452.740496 12.474252
418 -452.735401 12.261914
419 -452.743099 13.164485
420 -452.739015 13.458591
421 -452.740137 13.796751
422 -452.742816 13.788093
423 -452.732811 13.139064
424 -452.745045 14.037341
425 -452.741262 13.134880
426 -452.728473 11.808125
427 -452.745202 13.289028
428 -452.739731 13.233962
429 -452.736460 12.326477
430 -452.737783 12.250158
431 -452.737135 12.824428
432 -452.743045 13.727705
433 -452.736524 13.536805
434 -452.740376 13.772249
435 -452.743031 13.351118
436 -452.729129 12.412444
437 -452.748933 13.916510
438 -452.741277 12.930288
439 -452.729042 11.519002
440 -452.746854 13.170138
441 -452.739036 13.338104
442 -452.738248 13.204697
443 -452.742940 13.336266
444 -452.733226 12.856688
445 -452.740437 14.115120
446 -452.745611 14.946984
447 -452.737444 13.499707
448 -452.735335 12.396308
449 -452.739545 12.574567
450 -452.739802 12.603972
451 -452.735961 12.201927
452 -452.737205 12.714554
453 -452.744283 13.328933
454 -452.732982 12.607854
455 -452.739796 13.314564
456 -452.742999 13.817550
457 -452.732871 13.241271
458 -452.744780 14.064074
459 -452.741012 13.209609
460 -452.730193 12.018778
461 -452.746221 13.276615
462 -452.740495 12.844720
463 -452.733935 11.875542
464 -452.739262 12.858225
465 -452.742758 14.066938
466 -452.739627 14.124248
467 -452.738496 13.838165
468 -452.739287 13.654467
469 -452.738082 13.369592
470 -452.739357 13.173599
471 -452.737514 12.792502
472 -452.737100 12.667953
473 -452.740132 12.744989
474 -452.735143 12.483464
475 -452.740071 12.961138
476 -452.740375 12.883961
477 -452.733692 12.237384
478 -452.737815 13.137205
479 -452.742056 14.372181
480 -452.740274 14.360586
481 -452.738616 13.625273
482 -452.737357 13.076581
483 -452.740111 13.082881
484 -452.739136 12.795339
485 -452.737685 12.447138
486 -452.739697 12.430097
487 -452.735553 12.499000
488 -452.740552 13.518131
489 -452.741101 14.071237
490 -452.737302 13.827854
491 -452.740188 13.824606
492 -452.738211 13.308332
493 -452.734697 13.002779
494 -452.741641 13.641910
495 -452.739910 13.207702
496 -452.735445 11.960706
497 -452.735328 11.737920
498 -452.738753 12.587647
499 -452.739146 13.317861
500 -452.736687 13.680799
501 -452.739687 14.342906
502 -452.742197 14.287355
503 -452.735399 12.992627
504 -452.736331 12.636176
505 -452.741650 13.063670
506 -452.738078 12.703674
507 -452.736293 12.558140
508 -452.739647 13.294086
509 -452.741940 13.568661
510 -452.735570 12.865496
511 -452.737663 12.972807
512 -452.739886 13.473808
513 -452.735962 13.739144
514 -452.741739 14.520258
515 -452.741307 13.974749
516 -452.731933 12.495869
517 -452.738608 12.794330
518 -452.741274 13.048954
519 -452.735209 12.138433
520 -452.736131 11.815308
