121 -452.951177 10.867180
122 -452.946713 9.921768
123 -452.941224 9.359567
124 -452.953805 10.470401
125 -452.947325 9.841978
126 -452.942560 9.075218
127 -452.949769 9.875164
128 -452.946725 10.320406
129 -452.949471 10.701341
130 -452.947929 10.473378
131 -452.945107 10.167078
132 -452.950755 10.296523
133 -452.944883 9.711699
134 -452.947418 9.679054
135 -452.946983 9.881699
136 -452.946549 10.221470
137 -452.949810 10.620271
138 -452.946588 10.233043
139 -452.946384 9.943937
140 -452.947511 10.000074
141 -452.946689 10.097615
142 -452.947970 10.304483
143 -452.947481 10.347398
144 -452.949338 10.048619
145 -452.943112 9.281012
146 -452.945903 9.924646
147 -452.953805 10.846268
148 -452.943455 9.941659
149 -452.945800 9.972382
150 -452.951120 10.596691
151 -452.946344 10.134946
152 -452.946409 9.798107
153 -452.946898 9.922744
154 -452.947684 10.238410
155 -452.948848 10.379429
156 -452.947279 10.077969
157 -452.946029 9.859587
158 -452.948494 10.115268
159 -452.947445 10.100484
160 -452.945978 10.091387
161 -452.950387 10.270546
162 -452.945171 9.679072
163 -452.944600 9.785851
164 -452.950906 10.758348
165 -452.948323 10.620243
166 -452.944994 10.008238
167 -452.948187 10.079046
168 -452.947376 10.025446
169 -452.947188 9.857680
170 -452.946775 9.797506
171 -452.946919 9.970773
172 -452.947817 10.347327
173 -452.949160 10.466581
174 -452.946594 10.018669
175 -452.945715 9.822038
176 -452.949078 10.158911
177 -452.949185 9.908523
178 -452.943928 9.180189
179 -452.945324 9.754664
180 -452.951834 11.000517
181 -452.948832 10.781075
182 -452.944846 9.934721
183 -452.945956 9.964478
184 -452.947997 10.606352
185 -452.950076 10.759905
186 -452.945928 9.997058
187 -452.945735 9.580213
188 -452.946574 9.895776
189 -452.950048 10.335017
190 -452.947609 9.782514
191 -452.940894 9.374755
192 -452.952257 10.882827
193 -452.952118 10.814023
194 -452.939584 9.365646
195 -452.951485 9.922954
196 -452.946674 9.789347
197 -452.945216 9.768853
198 -452.951249 10.285905
199 -452.943617 10.005522
200 -452.950898 10.481041
201 -452.947809 10.052670
202 -452.941859 9.702479
203 -452.952752 10.816367
204 -452.947457 10.589536
205 -452.945998 10.049041
206 -452.948410 9.995187
207 -452.946901 9.767135
208 -452.946949 9.627295
209 -452.944694 9.922476
210 -452.951399 10.768713
211 -452.946783 10.450932
212 -452.945762 10.153860
213 -452.951571 10.035791
214 -452.940038 9.128489
215 -452.950202 10.120092
216 -452.952100 10.216667
217 -452.937565 9.255091
218 -452.954207 10.774886
219 -452.950173 10.498810
220 -452.938399 9.393479
221 -452.952973 10.815997
222 -452.950151 10.794726
223 -452.941991 9.763031
224 -452.950230 10.184395
225 -452.948484 9.969351
226 -452.943427 9.392720
227 -452.946920 10.151930
228 -452.952650 10.855098
229 -452.943836 9.990044
230 -452.944884 10.126533
231 -452.952697 10.921916
232 -452.945002 10.133322
233 -452.945972 9.712448
234 -452.949158 9.733483
235 -452.943920 9.444505
236 -452.948389 10.016494
237 -452.948609 10.384235
238 -452.946866 10.148574
239 -452.945466 10.149909
240 -452.949994 10.572368
241 -452.949695 10.067569
242 -452.941751 8.999554
243 -452.947521 9.795745
244 -452.951927 10.647101
245 -452.944114 10.232985
246 -452.949408 10.452904
247 -452.946645 10.402728
248 -452.948189 10.409829
249 -452.949475 10.044036
250 -452.941146 9.412495
251 -452.950586 10.531993
252 -452.950291 10.777289
253 -452.942885 10.034105
254 -452.951501 10.244605
255 -452.946007 9.454795
256 -452.941558 9.249723
257 -452.952906 10.754493
258 -452.950842 10.464725
259 -452.940332 9.102930
260 -452.949102 9.901649
261 -452.952027 10.306076
262 -452.940071 9.597013
263 -452.951037 10.836174
264 -452.952353 11.006820
265 -452.940261 9.768756
266 -452.951424 10.284995
267 -452.946192 10.086574
268 -452.945389 10.104751
269 -452.953988 10.396894
270 -452.940176 9.114003
271 -452.946072 9.864991
272 -452.954604 11.049498
273 -452.942697 10.116242
274 -452.946393 10.281097
275 -452.952354 10.716176
276 -452.944424 9.548751
277 -452.943525 9.154856
278 -452.950011 9.976311
279 -452.946573 10.043308
280 -452.944959 10.245598
281 -452.952334 10.763581
282 -452.944646 9.848018
283 -452.943947 9.661041
284 -452.950605 10.580885
285 -452.946819 10.619185
286 -452.947763 10.545199
287 -452.949484 10.145896
288 -452.942474 9.376680
289 -452.948681 9.967605
290 -452.949199 10.360669
291 -452.945557 10.077762
292 -452.947188 10.332371
293 -452.949914 10.581978
294 -452.946308 9.929510
295 -452.944194 9.630098
296 -452.950628 10.180612
297 -452.945837 9.905333
298 -452.946234 9.865351
299 -452.949152 10.079947
300 -452.943998 9.875985
301 -452.948518 10.458077
302 -452.948869 10.619921
303 -452.944721 10.262427
304 -452.950083 10.423131
305 -452.946974 9.822782
306 -452.943217 9.401733
307 -452.949466 10.244135
308 -452.949269 10.501815
309 -452.945424 10.007519
310 -452.946419 10.162605
311 -452.950898 10.454005
312 -452.944803 9.737099
313 -452.945182 9.719420
314 -452.949886 10.406582
315 -452.945677 10.447084
316 -452.950299 10.583236
317 -452.947272 9.727736
318 -452.940333 9.149964
319 -452.951786 10.527408
320 -452.947983 10.733591
321 -452.945857 10.284196
322 -452.948505 10.001093
323 -452.943228 9.601490
324 -452.949377 10.146261
325 -452.946104 10.311002
326 -452.948661 10.405942
327 -452.946695 9.985833
328 -452.942593 9.946721
329 -452.956122 10.744319
330 -452.941640 9.172187
331 -452.940140 9.340840
332 -452.958290 11.473119
333 -452.943877 10.609155
334 -452.947903 9.925749
335 -452.945810 9.551191
336 -452.944710 9.843587
337 -452.954622 10.504398
338 -452.940403 9.367750
339 -452.947434 9.933304
340 -452.950658 10.714435
341 -452.944516 10.441588
342 -452.950278 10.576229
343 -452.945028 10.018802
344 -452.946864 9.892319
345 -452.948396 9.864650
346 -452.943473 9.668368
347 -452.949719 10.414004
348 -452.948484 10.410452
349 -452.943446 10.046420
350 -452.949707 10.624738
351 -452.947746 10.586411
352 -452.947003 10.107501
353 -452.946907 9.728959
354 -452.946378 9.584555
355 -452.946751 9.824970
356 -452.948549 10.224420
357 -452.948439 10.064427
358 -452.943683 9.698050
359 -452.948500 10.315653
360 -452.948406 10.690549
361 -452.948008 10.398722
362 -452.946276 9.745737
363 -452.944890 9.471093
364 -452.946557 10.015448
365 -452.948269 10.818120
366 -452.950295 10.891711
367 -452.943400 9.996378
368 -452.946546 10.083214
369 -452.950645 10.255971
370 -452.942615 9.553003
371 -452.947945 10.016161
372 -452.949298 10.331882
373 -452.943777 10.033058
374 -452.950513 10.415387
375 -452.946315 9.935043
376 -452.945030 9.656954
377 -452.949462 10.042429
378 -452.944766 10.080347
379 -452.951258 10.454693
380 -452.945007 9.769970
381 -452.943413 9.862580
382 -452.953777 10.880218
383 -452.943068 10.243356
384 -452.947861 10.360830
385 -452.947798 10.464691
386 -452.944504 10.401055
387 -452.952821 10.614028
388 -452.942267 9.342789
389 -452.943983 9.439760
390 -452.952793 10.469174
391 -452.943198 9.964624
392 -452.947857 10.159495
393 -452.947959 10.228641
394 -452.943694 10.114806
395 -452.951747 10.638617
396 -452.944440 10.024953
397 -452.946896 9.929902
398 -452.949666 9.883757
399 -452.943165 9.224073
400 -452.947592 9.622178
401 -452.947056 10.200677
402 -452.947899 10.702609
403 -452.947826 10.862894
404 -452.946614 10.728610
405 -452.950677 10.273176
406 -452.940467 9.109570
407 -452.946370 9.916573
408 -452.952816 11.017858
409 -452.944593 10.223019
410 -452.945158 9.836770
411 -452.947820 10.095549
412 -452.945525 10.186509
413 -452.947824 10.511234
414 -452.947903 10.449183
415 -452.944657 10.058112
416 -452.947366 10.264691
417 -452.949175 10.219970
418 -452.943700 9.474288
419 -452.945843 9.660145
420 -452.949070 10.237010
421 -452.945358 10.246862
422 -452.949116 10.360239
423 -452.944432 9.961866
424 -452.946948 10.240850
425 -452.950957 10.309875
426 -452.940870 9.395995
427 -452.947669 10.106083
428 -452.949452 10.753733
429 -452.944722 10.506355
430 -452.948186 10.591785
431 -452.945729 10.428685
432 -452.948086 10.314565
433 -452.945977 9.854363
434 -452.944994 9.640022
435 -452.948287 9.893493
436 -452.944010 9.922405
437 -452.949885 10.474566
438 -452.946874 10.135793
439 -452.942476 9.855735
440 -452.952375 10.576065
441 -452.944467 9.897210
442 -452.944040 9.846638
443 -452.951505 10.575523
444 -452.944457 10.015214
445 -452.944575 10.107142
446 -452.950973 10.872016
447 -452.947031 10.352995
448 -452.943673 9.673894
449 -452.948560 10.027397
450 -452.948113 9.907750
451 -452.941217 9.681768
452 -452.951090 10.914166
453 -452.949211 10.913856
454 -452.942731 10.010964
455 -452.948720 10.173400
456 -452.945515 10.047897
457 -452.945213 10.235320
458 -452.951774 10.578569
459 -452.944135 9.402079
460 -452.940968 9.133930
461 -452.951604 10.638457
462 -452.949334 10.625815
463 -452.942507 9.595297
464 -452.946862 9.796801
465 -452.947283 10.179867
466 -452.946150 10.392141
467 -452.949817 10.512489
468 -452.943664 9.914758
469 -452.946480 10.218085
470 -452.950487 10.643702
471 -452.944431 10.031887
472 -452.946393 10.008093
473 -452.947574 10.196444
474 -452.944035 10.347408
475 -452.950994 10.977539
476 -452.947714 10.274150
477 -452.942513 9.102808
478 -452.944692 9.466466
479 -452.950480 10.458812
480 -452.946621 10.256507
481 -452.944887 9.958623
482 -452.948284 10.193051
483 -452.945294 10.175905
484 -452.947316 10.445525
485 -452.948400 10.495577
486 -452.945173 10.022815
487 -452.946866 9.985221
488 -452.947717 9.996049
489 -452.944589 9.870193
490 -452.948131 10.443389
491 -452.949937 10.547336
492 -452.943676 9.735385
493 -452.946305 9.809996
494 -452.948842 10.148681
495 -452.943961 10.048407
496 -452.948953 10.631302
497 -452.948700 10.520098
498 -452.943447 9.834930
499 -452.947794 10.092572
500 -452.947490 10.226654
501 -452.945796 10.066184
502 -452.946180 10.247819
503 -452.948317 10.529386
504 -452.946076 10.323563
505 -452.947842 10.120284
506 -452.947068 9.602950
507 -452.942360 9.201070
508 -452.947978 10.283917
509 -452.951711 10.845149
510 -452.942396 9.911853
511 -452.946786 10.089701
512 -452.949581 10.371094
513 -452.943917 9.894850
514 -452.946884 10.212350
515 -452.948301 10.595789
516 -452.945883 10.521484
517 -452.948132 10.587808
518 -452.946897 10.286485
519 -452.946107 9.909381
520 -452.947730 9.636216
