600 -433.541261 316.356144
601 -433.542095 319.289782
602 -433.541806 320.716428
603 -433.541227 320.660495
604 -433.540966 319.354440
605 -433.540368 317.044234
606 -433.538988 314.103484
607 -433.537259 311.167091
608 -433.535454 309.030168
609 -433.534186 308.460077
610 -433.533699 309.987304
611 -433.534434 313.716819
612 -433.535981 319.250715
613 -433.537860 325.793537
614 -433.540385 332.315941
615 -433.543535 337.549220
616 -433.546158 340.086825
617 -433.547053 338.804536
618 -433.545649 333.338277
619 -433.542589 324.310839
620 -433.538851 313.126453
621 -433.534932 301.623022
622 -433.531352 291.762831
623 -433.529028 285.287342
624 -433.529093 283.280597
625 -433.531148 285.820315
626 -433.535002 291.958475
627 -433.538773 300.026756
628 -433.541281 308.272539
629 -433.543215 315.321019
630 -433.544454 320.165237
631 -433.544302 322.211663
632 -433.542256 321.543864
633 -433.539462 319.012584
634 -433.537775 315.774849
635 -433.536404 312.785853
636 -433.535670 310.761687
637 -433.535655 310.159388
638 -433.535956 311.115434
639 -433.536862 313.491222
640 -433.538558 316.837675
641 -433.540451 320.399031
642 -433.542053 323.310660
643 -433.542518 324.886374
644 -433.541369 324.943621
645 -433.539967 323.890782
646 -433.538959 322.366107
647 -433.538711 320.856149
648 -433.538968 319.551410
649 -433.538965 318.438366
650 -433.538717 317.513934
651 -433.538893 316.802775
652 -433.539460 316.217007
653 -433.539596 315.587839
654 -433.539164 314.877167
655 -433.538439 314.262158
656 -433.538104 313.998064
657 -433.538736 314.180748
658 -433.539952 314.568180
659 -433.541067 314.675884
660 -433.541533 314.054288
661 -433.541177 312.495424
662 -433.540002 310.138524
663 -433.538605 307.435948
664 -433.537839 304.925130
665 -433.537643 302.972689
666 -433.537690 301.741436
667 -433.537578 301.296645
668 -433.536705 301.769101
669 -433.535859 303.468830
670 -433.536103 306.641028
671 -433.537073 311.161319
672 -433.538369 316.578495
673 -433.540514 322.204606
674 -433.542807 327.089378
675 -433.544295 330.247305
676 -433.544454 331.042935
677 -433.543365 329.409588
678 -433.541272 325.863636
679 -433.539693 321.284258
680 -433.539076 316.450213
681 -433.537888 311.907632
682 -433.536184 308.282709
683 -433.535254 306.268489
684 -433.535606 306.239465
685 -433.537142 307.998426
686 -433.539092 310.843927
687 -433.541178 313.811940
688 -433.542591 315.930637
689 -433.542588 316.546941
690 -433.541646 315.567050
691 -433.539983 313.402831
692 -433.538370 310.786465
693 -433.537030 308.523012
694 -433.536235 307.285798
695 -433.536497 307.451869
696 -433.537495 308.963651
697 -433.538228 311.471494
698 -433.538474 314.630735
699 -433.538718 318.206221
700 -433.539136 321.966639
701 -433.540359 325.553408
702 -433.542187 328.350939
703 -433.543208 329.628582
704 -433.543385 328.945215
705 -433.542743 326.298399
706 -433.541061 322.112823
707 -433.538888 317.235989
708 -433.537330 312.667629
709 -433.536583 309.177868
710 -433.536671 307.142527
711 -433.537462 306.532077
712 -433.538744 306.946361
713 -433.539903 307.754152
714 -433.540678 308.328632
715 -433.541707 308.148271
716 -433.541618 306.864556
717 -433.539749 304.617282
718 -433.537172 302.207028
719 -433.535552 300.716214
720 -433.535575 300.886469
721 -433.536182 302.848522
722 -433.536784 306.337983
723 -433.538132 310.873444
724 -433.540278 315.677545
725 -433.542137 319.758740
726 -433.543281 322.258557
727 -433.543586 322.685309
728 -433.541931 321.085093
729 -433.539306 318.204091
730 -433.536932 315.209729
731 -433.536025 313.113711
732 -433.536645 312.370029
733 -433.538308 312.791997
734 -433.540536 313.702941
735 -433.541854 314.257721
736 -433.541884 313.898576
737 -433.541371 312.527241
738 -433.540217 310.392060
739 -433.538925 307.970782
740 -433.538080 305.798065
741 -433.537914 304.244167
742 -433.537769 303.459480
743 -433.537486 303.540479
744 -433.537639 304.574599
745 -433.538562 306.474943
746 -433.539968 308.861427
747 -433.541301 311.147995
748 -433.541806 312.788974
749 -433.541292 313.557217
750 -433.540397 313.610971
751 -433.539990 313.268667
752 -433.540149 312.699725
753 -433.540189 311.865201
754 -433.539579 310.741608
755 -433.539210 309.437096
756 -433.538883 308.078966
757 -433.538003 306.852320
758 -433.536560 306.205892
759 -433.535761 306.785498
760 -433.536076 309.029335
761 -433.536522 312.972045
762 -433.537064 318.416861
763 -433.538777 324.952812
764 -433.541424 331.766083
765 -433.544074 337.704335
766 -433.546116 341.610760
767 -433.547081 342.610684
768 -433.546736 340.324230
769 -433.545125 334.973956
770 -433.542834 327.318244
771 -433.540031 318.481974
772 -433.537547 309.761082
773 -433.536189 302.298009
774 -433.535747 296.826424
775 -433.536179 293.599298
776 -433.536604 292.481130
777 -433.537145 293.173468
778 -433.538245 295.226823
779 -433.539112 298.015895
780 -433.538913 301.048255
781 -433.538909 304.160138
782 -433.539467 307.258016
783 -433.539921 310.150285
784 -433.540666 312.603192
785 -433.541488 314.328577
786 -433.542019 315.034754
787 -433.541948 314.568894
788 -433.541035 313.063790
789 -433.539274 311.023245
790 -433.537008 309.294474
791 -433.535198 308.880067
792 -433.534448 310.557558
793 -433.534718 314.620353
794 -433.536029 320.825188
795 -433.538176 328.444774
796 -433.540629 336.412449
797 -433.542811 343.542163
798 -433.545064 348.713659
799 -433.546660 350.957525
800 -433.546921 349.667601
801 -433.545162 344.868524
802 -433.541411 337.406432
803 -433.538054 328.775729
804 -433.536316 320.400347
805 -433.535932 313.133868
806 -433.536148 307.295919
807 -433.536278 302.915081
808 -433.536294 299.958412
809 -433.536694 298.332001
810 -433.537175 297.825589
811 -433.537455 298.186710
812 -433.537433 299.252703
813 -433.537659 300.955513
814 -433.538307 303.171737
815 -433.539017 305.667006
816 -433.539832 308.108812
817 -433.540313 310.140841
818 -433.540786 311.477562
819 -433.541064 311.883554
820 -433.540739 311.240131
821 -433.539637 309.709544
822 -433.537633 307.834577
823 -433.535566 306.485548
824 -433.534488 306.548706
825 -433.534358 308.560372
826 -433.535259 312.592860
827 -433.537889 318.169234
828 -433.541106 324.212344
829 -433.543822 329.335309
830 -433.545159 332.326660
831 -433.544992 332.530962
832 -433.544480 329.887165
833 -433.542973 324.765874
834 -433.540422 317.984812
835 -433.538169 310.725171
836 -433.536966 304.079105
837 -433.536458 298.746550
838 -433.536220 295.067648
839 -433.536089 293.174322
840 -433.536396 293.069065
841 -433.537051 294.584346
842 -433.537919 297.389301
843 -433.539011 301.027254
844 -433.540177 304.938454
845 -433.540810 308.570489
846 -433.541051 311.539424
847 -433.541319 313.624619
848 -433.541556 314.674552
849 -433.541224 314.641932
850 -433.540034 313.756203
851 -433.538667 312.552108
852 -433.537674 311.655668
853 -433.537155 311.570663
854 -433.537230 312.558098
855 -433.537523 314.631909
856 -433.538398 317.607875
857 -433.539931 321.042471
858 -433.541267 324.260432
859 -433.542682 326.547902
860 -433.542971 327.336993
861 -433.542552 326.437767
862 -433.541673 324.050069
863 -433.540771 320.575071
864 -433.539706 316.509900
865 -433.538250 312.468490
866 -433.537459 309.124570
867 -433.537865 306.914391
868 -433.538951 305.804719
869 -433.539725 305.443301
870 -433.540248 305.462134
871 -433.540292 305.577351
872 -433.540258 305.625525
873 -433.540680 305.488940
874 -433.540755 305.031119
875 -433.540323 304.247010
876 -433.538880 303.412127
877 -433.536973 303.128749
878 -433.535771 304.125297
879 -433.536200 306.827734
880 -433.538203 310.997551
881 -433.540443 315.754478
882 -433.541827 320.053435
883 -433.543168 323.037356
884 -433.543769 324.081409
885 -433.543621 322.889987
886 -433.542643 319.583280
887 -433.541388 314.645385
888 -433.540358 308.749010
889 -433.538760 302.624110
890 -433.536506 297.165846
891 -433.534853 293.392589
892 -433.534153 292.078156
893 -433.534694 293.493279
894 -433.536727 297.306030
895 -433.539003 302.622588
896 -433.540581 308.381863
897 -433.541790 313.724720
898 -433.542880 318.004605
899 -433.543625 320.728064
900 -433.542694 321.715359
901 -433.540056 321.412347
902 -433.537667 320.815090
903 -433.536724 320.854331
904 -433.536842 321.931934
905 -433.537523 323.940445
906 -433.538151 326.498853
907 -433.539670 329.092973
908 -433.541842 330.933152
909 -433.543650 331.043241
910 -433.544428 328.631994
911 -433.543649 323.421082
912 -433.542035 315.767913
913 -433.539317 306.571918
914 -433.535663 297.240925
915 -433.531843 289.548489
916 -433.529275 285.230208
917 -433.528810 285.445683
918 -433.530249 290.431553
919 -433.533349 299.514516
920 -433.537233 311.293712
921 -433.541578 323.909386
922 -433.545938 335.282178
923 -433.548763 343.425708
924 -433.548991 347.022872
925 -433.547231 345.832311
926 -433.543979 340.612475
927 -433.540167 332.841779
928 -433.537206 324.274314
929 -433.534968 316.450476
930 -433.533857 310.496456
931 -433.534266 306.967555
932 -433.535318 305.788004
933 -433.536748 306.468512
934 -433.538618 308.275135
935 -433.540546 310.301518
936 -433.541567 311.679227
937 -433.541771 311.861164
938 -433.541327 310.701997
939 -433.540745 308.359959
940 -433.539192 305.263535
941 -433.537007 302.187271
942 -433.535208 300.107933
943 -433.534100 299.846709
944 -433.534217 301.844812
945 -433.536201 305.949430
946 -433.538608 311.356962
947 -433.540408 317.014347
948 -433.541512 322.056687
949 -433.542824 325.847656
950 -433.543844 327.814338
951 -433.543274 327.635311
952 -433.541422 325.576791
953 -433.539487 322.405219
954 -433.538046 319.009265
955 -433.537298 316.121837
956 -433.537635 314.151362
957 -433.538904 313.051061
958 -433.540271 312.391972
959 -433.540474 311.721916
960 -433.539701 310.950469
961 -433.539125 310.333362
962 -433.539366 310.099931
963 -433.539757 310.253090
964 -433.539797 310.719323
965 -433.539732 311.494381
966 -433.539648 312.620953
967 -433.539719 314.104857
968 -433.539456 315.932515
969 -433.539063 318.151526
970 -433.539415 320.762398
971 -433.540523 323.498108
972 -433.542340 325.773729
973 -433.544187 326.774053
974 -433.545412 325.671219
975 -433.545236 321.961356
976 -433.543357 315.761091
977 -433.540435 307.900859
978 -433.537285 299.711553
979 -433.534577 292.680221
980 -433.532885 288.121003
981 -433.532515 286.885899
982 -433.533047 289.245352
983 -433.534038 295.005128
984 -433.536257 303.610952
985 -433.539617 314.014197
986 -433.542876 324.709194
987 -433.545282 334.150167
988 -433.546734 341.085139
989 -433.547675 344.613309
990 -433.547344 344.219182
991 -433.544945 340.036398
992 -433.541311 333.040762
993 -433.537386 324.832695
994 -433.534545 317.150316
995 -433.533460 311.326419
996 -433.533280 308.036590
997 -433.533930 307.375103
998 -433.535152 308.971658
999 -433.536721 312.126105
1000 -433.538649 315.937512
1001 -433.540274 319.417237
1002 -433.541153 321.721740
1003 -433.541392 322.349676
1004 -433.541155 321.127324
1005 -433.540408 318.180717
1006 -433.539076 313.940960
1007 -433.537387 309.104002
1008 -433.535173 304.585669
1009 -433.532995 301.430631
1010 -433.531850 300.559748
1011 -433.532588 302.386199
1012 -433.534980 306.532995
1013 -433.538131 311.922839
1014 -433.540953 317.147650
1015 -433.542544 320.922993
1016 -433.543292 322.433194
1017 -433.543109 321.369662
1018 -433.541795 317.934290
1019 -433.539595 312.861722
1020 -433.537445 307.232908
1021 -433.535703 302.169613
1022 -433.534469 298.615770
1023 -433.533434 297.279762
1024 -433.533404 298.587276
1025 -433.535450 302.417572
1026 -433.538990 307.854805
1027 -433.542287 313.402582
1028 -433.544131 317.592128
1029 -433.544280 319.522125
1030 -433.543274 319.019943
1031 -433.541238 316.549558
1032 -433.538883 313.048613
1033 -433.536728 309.658139
1034 -433.535473 307.408780
1035 -433.535448 306.914458
1036 -433.536539 308.189159
1037 -433.538091 310.728191
1038 -433.539872 313.730340
1039 -433.541384 316.310537
1040 -433.541763 317.754423
1041 -433.540689 317.838490
1042 -433.539448 316.867248
1043 -433.538355 315.378110
1044 -433.537691 313.876343
1045 -433.537799 312.678443
1046 -433.538338 311.833437
1047 -433.538756 311.206809
1048 -433.538752 310.689446
1049 -433.538590 310.303551
1050 -433.538272 310.156318
1051 -433.537810 310.408843
1052 -433.537552 311.229578
1053 -433.537899 312.684437
1054 -433.538901 314.603469
1055 -433.539829 316.604173
1056 -433.540152 318.326436
1057 -433.539958 319.629066
1058 -433.540055 320.558683
1059 -433.540370 321.104828
1060 -433.539891 321.228580
1061 -433.539645 320.993460
1062 -433.539762 320.397864
1063 -433.539178 319.399840
1064 -433.538044 318.188891
1065 -433.537022 317.183812
1066 -433.536951 316.763996
1067 -433.538096 316.971636
1068 -433.539276 317.445250
1069 -433.539815 317.731625
1070 -433.539405 317.596739
1071 -433.538256 317.164382
1072 -433.537851 316.740194
1073 -433.538128 316.462318
1074 -433.538875 316.201976
1075 -433.539605 315.679881
1076 -433.539779 314.671164
1077 -433.539401 313.192563
1078 -433.539049 311.484915
1079 -433.538432 309.878403
1080 -433.537731 308.735097
1081 -433.537659 308.334429
1082 -433.538419 308.672909
1083 -433.538759 309.488359
1084 -433.538723 310.551592
1085 -433.538679 311.775161
1086 -433.538866 313.098321
1087 -433.539064 314.427854
1088 -433.538901 315.716169
1089 -433.539293 316.983866
1090 -433.539561 318.193119
1091 -433.539224 319.327722
1092 -433.539095 320.475611
1093 -433.539866 321.592104
1094 -433.540720 322.375010
1095 -433.541004 322.484797
1096 -433.541122 321.772378
1097 -433.540738 320.274701
1098 -433.539637 318.240323
1099 -433.538409 316.152282
1100 -433.537945 314.490487
1101 -433.538215 313.444573
1102 -433.539035 312.862446
1103 -433.540071 312.345094
1104 -433.540764 311.421569
1105 -433.540462 309.822914
1106 -433.539610 307.630489
1107 -433.538609 305.184712
1108 -433.537549 302.962138
1109 -433.537274 301.422023
1110 -433.537645 300.772601
1111 -433.537826 300.974944
1112 -433.537928 301.935575
1113 -433.539039 303.467784
1114 -433.540854 305.062320
1115 -433.541967 305.996793
1116 -433.541791 305.796291
1117 -433.540603 304.506531
1118 -433.539162 302.605045
1119 -433.537859 300.745795
1120 -433.536971 299.550815
1121 -433.537031 299.461560
1122 -433.537390 300.612142
1123 -433.536976 303.024432
1124 -433.536395 306.867807
1125 -433.536952 312.236465
1126 -433.538037 318.854403
1127 -433.539459 326.147903
1128 -433.541011 333.383259
1129 -433.542870 339.708731
1130 -433.544943 344.168770
1131 -433.546455 345.817531
1132 -433.546693 344.002005
1133 -433.544691 338.750875
1134 -433.541696 330.950273
1135 -433.538629 322.013897
1136 -433.536452 313.389242
1137 -433.534655 306.285017
1138 -433.533761 301.601308
1139 -433.534225 299.785754
1140 -433.535424 300.734962
1141 -433.536681 303.973651
1142 -433.537697 308.909545
1143 -433.538958 314.933826
1144 -433.540248 321.397379
1145 -433.541797 327.647942
1146 -433.543487 333.021169
1147 -433.544602 336.867136
1148 -433.544600 338.776819
1149 -433.543723 338.751312
1150 -433.542686 337.149091
1151 -433.542471 334.372220
1152 -433.542656 330.585123
1153 -433.542497 325.782064
1154 -433.541976 320.027301
1155 -433.541316 313.518141
1156 -433.539881 306.612419
1157 -433.537877 299.959047
1158 -433.535738 294.466314
1159 -433.534402 291.066851
1160 -433.534654 290.337584
1161 -433.536357 292.176078
1162 -433.538688 295.815048
1163 -433.540334 300.184611
1164 -433.540888 304.393278
1165 -433.541236 307.907069
1166 -433.541463 310.418049
1167 -433.541299 311.764198
1168 -433.540409 312.014380
1169 -433.539315 311.508265
1170 -433.538377 310.716395
1171 -433.537932 310.043932
1172 -433.537905 309.751706
1173 -433.538224 309.941666
1174 -433.537669 310.690576
1175 -433.537173 312.236235
1176 -433.537630 314.746113
1177 -433.538943 317.999142
1178 -433.539958 321.451748
1179 -433.540815 324.531158
1180 -433.541782 326.729689
1181 -433.542614 327.595287
1182 -433.543312 326.773250
1183 -433.542988 324.127534
1184 -433.541907 319.911264
1185 -433.540407 314.755223
1186 -433.538821 309.494005
1187 -433.537555 304.972421
1188 -433.536738 301.887321
1189 -433.536953 300.616167
1190 -433.538374 301.033247
1191 -433.540148 302.507776
1192 -433.541165 304.236325
1193 -433.541425 305.645854
1194 -433.541448 306.506392
1195 -433.541402 306.800719
1196 -433.541338 306.590457
1197 -433.540778 306.013489
1198 -433.539705 305.377840
1199 -433.537859 305.256492
1200 -433.536791 306.359566
1201 -433.536902 309.131190
1202 -433.538015 313.490133
1203 -433.539343 318.904236
1204 -433.540711 324.638785
1205 -433.542335 329.889989
1206 -433.543449 333.862146
1207 -433.543877 335.976360
1208 -433.543790 335.987302
1209 -433.543511 333.909931
1210 -433.542194 329.987275
1211 -433.540307 324.813160
1212 -433.538919 319.196218
1213 -433.538131 313.836518
1214 -433.537631 309.206964
1215 -433.536887 305.614508
1216 -433.535630 303.417706
1217 -433.535406 302.984018
1218 -433.536484 304.299556
1219 -433.538322 306.833458
1220 -433.539772 309.796454
1221 -433.539868 312.575721
1222 -433.539620 314.992284
1223 -433.539654 317.085630
1224 -433.539626 318.889883
1225 -433.539732 320.441376
1226 -433.540164 321.691589
1227 -433.540411 322.467878
1228 -433.540613 322.601566
1229 -433.540782 321.968621
1230 -433.540608 320.494673
1231 -433.539788 318.272013
1232 -433.538704 315.639513
1233 -433.538001 313.050037
1234 -433.537597 310.892040
1235 -433.537455 309.452425
1236 -433.537479 308.926451
1237 -433.537797 309.407756
1238 -433.538432 310.837847
1239 -433.539176 313.013871
1240 -433.540485 315.582429
1241 -433.541867 317.988669
1242 -433.542430 319.649604
1243 -433.542948 320.194433
1244 -433.542914 319.424540
1245 -433.542001 317.383334
1246 -433.540066 314.541090
1247 -433.538125 311.723280
1248 -433.537368 309.749022
1249 -433.537245 309.077245
1250 -433.537560 309.822820
1251 -433.538332 311.866586
1252 -433.539603 314.868146
1253 -433.540537 318.345631
1254 -433.541179 321.862911
1255 -433.542250 325.016361
1256 -433.543511 327.278424
1257 -433.544024 328.088798
1258 -433.542999 327.222902
1259 -433.541080 325.048299
1260 -433.539689 322.315500
1261 -433.539444 319.655964
1262 -433.539729 317.297747
1263 -433.539544 315.221968
1264 -433.539402 313.424545
1265 -433.539489 311.900454
1266 -433.539846 310.553530
1267 -433.540405 309.205881
1268 -433.541119 307.599985
1269 -433.541244 305.485260
1270 -433.540586 302.842173
1271 -433.539641 299.973183
1272 -433.538389 297.392567
1273 -433.537153 295.711421
1274 -433.536307 295.515613
1275 -433.536349 297.171555
1276 -433.537426 300.652232
1277 -433.539303 305.479260
1278 -433.541151 310.860872
1279 -433.541907 316.038464
1280 -433.541784 320.613391
1281 -433.541914 324.475502
1282 -433.542481 327.482891
1283 -433.543181 329.334150
1284 -433.543998 329.618189
1285 -433.543923 327.996608
1286 -433.542613 324.523529
1287 -433.540664 319.781242
1288 -433.538303 314.719719
1289 -433.536117 310.458028
1290 -433.534615 308.042256
1291 -433.534643 308.138889
1292 -433.535927 310.766472
1293 -433.537716 315.344924
1294 -433.540062 320.928953
1295 -433.542433 326.343583
1296 -433.544338 330.399685
1297 -433.545362 332.169468
1298 -433.545067 331.189599
1299 -433.544190 327.513395
1300 -433.542713 321.584311
1301 -433.541045 314.099643
1302 -433.539428 305.902873
1303 -433.537105 297.948252
1304 -433.533725 291.477365
1305 -433.531003 287.975103
1306 -433.530387 288.590185
1307 -433.532319 293.515690
1308 -433.535390 301.897223
1309 -433.539018 312.220205
1310 -433.542817 322.678223
1311 -433.546448 331.377446
1312 -433.547360 336.799679
1313 -433.546076 338.421144
1314 -433.543351 336.754262
1315 -433.540476 332.961263
1316 -433.537914 328.419642
1317 -433.536596 324.353842
1318 -433.536672 321.503329
1319 -433.537319 320.031091
1320 -433.538475 319.727274
1321 -433.539872 320.134891
1322 -433.541380 320.612854
1323 -433.542082 320.527326
1324 -433.542103 319.481765
1325 -433.541586 317.375758
1326 -433.540664 314.390402
1327 -433.539991 310.878301
1328 -433.539184 307.214643
1329 -433.537864 303.862644
1330 -433.536286 301.443588
1331 -433.535369 300.612432
1332 -433.536152 301.703143
1333 -433.538203 304.411838
1334 -433.540393 307.910063
1335 -433.541486 311.304107
1336 -433.541949 314.030060
1337 -433.542104 315.850120
1338 -433.541806 316.738718
1339 -433.540746 316.919769
1340 -433.539539 316.873823
1341 -433.538447 317.182199
1342 -433.537970 318.293028
1343 -433.538790 320.297424
1344 -433.540631 322.758057
1345 -433.542133 324.881130
1346 -433.543259 325.914252
1347 -433.543729 325.354690
1348 -433.543470 323.021874
1349 -433.541673 319.204089
1350 -433.539364 314.713878
1351 -433.537372 310.605940
1352 -433.535886 307.831371
1353 -433.535808 307.002842
1354 -433.537330 308.112779
1355 -433.539895 310.470891
1356 -433.542618 312.947507
1357 -433.544395 314.352729
1358 -433.544320 313.918868
1359 -433.542768 311.615150
1360 -433.540624 308.067523
1361 -433.538357 304.250460
1362 -433.536721 301.179948
1363 -433.536661 299.564543
1364 -433.537510 299.552959
1365 -433.538243 300.883095
1366 -433.538602 303.231407
1367 -433.539495 306.312140
1368 -433.540770 309.725727
1369 -433.541760 312.963572
1370 -433.541947 315.627448
1371 -433.541233 317.617121
1372 -433.540451 319.135450
1373 -433.540318 320.433537
1374 -433.540542 321.593905
1375 -433.540932 322.527519
1376 -433.541308 323.050457
1377 -433.541570 322.967255
1378 -433.541735 322.134807
1379 -433.541543 320.501854
1380 -433.540490 318.223799
1381 -433.538883 315.758231
1382 -433.537193 313.764441
1383 -433.536515 312.865448
1384 -433.536718 313.326042
1385 -433.537442 315.003978
1386 -433.539465 317.388301
1387 -433.541030 319.634731
1388 -433.541385 320.996099
1389 -433.540924 321.167243
1390 -433.540212 320.234445
1391 -433.539585 318.475703
1392 -433.538847 316.248062
1393 -433.538076 313.972037
1394 -433.537404 312.086666
1395 -433.537077 310.966723
1396 -433.537744 310.786087
1397 -433.539623 311.302163
1398 -433.541569 311.868452
1399 -433.542625 311.772428
1400 -433.542230 310.621865
1401 -433.540814 308.543238
1402 -433.539291 306.048843
1403 -433.538367 303.719515
1404 -433.538141 301.948026
1405 -433.537922 300.911305
1406 -433.537106 300.786714
1407 -433.536801 301.846619
1408 -433.537338 304.205475
1409 -433.538085 307.684241
1410 -433.538768 311.960076
1411 -433.539667 316.674406
1412 -433.541145 321.364740
1413 -433.542576 325.413657
1414 -433.543703 328.202516
1415 -433.544210 329.277948
1416 -433.543160 328.553996
1417 -433.540853 326.538626
1418 -433.538921 324.198525
1419 -433.538319 322.403654
1420 -433.538320 321.571003
1421 -433.538972 321.724179
1422 -433.540365 322.548299
1423 -433.542074 323.419626
1424 -433.542979 323.630730
1425 -433.542808 322.749180
1426 -433.541922 320.794420
1427 -433.540936 318.114581
1428 -433.539792 315.188667
1429 -433.538895 312.503027
1430 -433.538320 310.443921
1431 -433.538439 309.196277
1432 -433.539346 308.657446
1433 -433.540421 308.446251
1434 -433.541043 308.112412
1435 -433.540985 307.377736
1436 -433.540130 306.250138
1437 -433.539096 305.015656
1438 -433.538636 304.028703
1439 -433.538689 303.498208
1440 -433.538581 303.512989
1441 -433.538210 304.217503
1442 -433.538239 305.814310
1443 -433.538606 308.381930
1444 -433.538653 311.856390
1445 -433.538919 316.135928
1446 -433.540478 320.913817
1447 -433.543388 325.363908
1448 -433.545602 328.278128
1449 -433.546200 328.698877
1450 -433.545944 326.294035
1451 -433.544413 321.329476
1452 -433.541932 314.654847
1453 -433.539080 307.568148
1454 -433.536764 301.493610
1455 -433.535537 297.608982
1456 -433.535715 296.533296
1457 -433.536818 298.235451
1458 -433.539165 302.103727
1459 -433.541519 307.073787
1460 -433.542462 312.062582
1461 -433.542038 316.464347
1462 -433.541311 320.188708
1463 -433.540625 323.380572
1464 -433.540012 326.218329
1465 -433.539444 328.875949
1466 -433.539369 331.473389
1467 -433.540550 333.878182
1468 -433.542139 335.564804
1469 -433.543224 335.828499
1470 -433.543340 334.163434
1471 -433.542900 330.454747
1472 -433.541840 324.948471
1473 -433.540502 318.189104
1474 -433.538938 310.911511
1475 -433.536965 303.982921
1476 -433.535125 298.355945
1477 -433.533978 294.875779
1478 -433.534277 294.008043
1479 -433.535643 295.649241
1480 -433.537447 299.212867
1481 -433.539396 303.861691
1482 -433.541105 308.685995
1483 -433.542305 312.862755
1484 -433.542055 315.883874
1485 -433.541063 317.755779
1486 -433.540596 318.807950
1487 -433.540961 319.268917
1488 -433.541384 319.101570
1489 -433.540585 318.271843
1490 -433.539038 317.077709
1491 -433.538154 316.013896
1492 -433.538441 315.361134
1493 -433.539168 315.003796
1494 -433.539560 314.644196
1495 -433.539690 314.056283
1496 -433.539557 313.147652
1497 -433.539489 311.943051
1498 -433.539677 310.481232
1499 -433.539735 308.763023
1500 -433.539817 306.805867
1501 -433.539658 304.651690
1502 -433.539403 302.379698
1503 -433.539544 300.054990
1504 -433.540174 297.585119
1505 -433.540733 294.719009
1506 -433.540050 291.316085
1507 -433.538057 287.694811
1508 -433.536045 284.618518
1509 -433.535082 282.874619
1510 -433.535211 282.876710
1511 -433.536106 284.590425
1512 -433.536955 287.699750
1513 -433.537380 291.858277
1514 -433.537528 296.840231
1515 -433.537900 302.499199
1516 -433.538916 308.599386
1517 -433.540025 314.733571
1518 -433.540714 320.448236
1519 -433.540881 325.434377
1520 -433.541331 329.540873
1521 -433.542058 332.567456
1522 -433.542466 334.259827
1523 -433.542803 334.457787
1524 -433.542972 333.095897
1525 -433.542317 330.267420
1526 -433.540657 326.394877
1527 -433.538944 322.245583
1528 -433.538193 318.593522
1529 -433.538364 315.847572
1530 -433.538614 314.062523
1531 -433.539022 313.120154
1532 -433.539120 312.864144
1533 -433.539007 313.189313
1534 -433.539040 314.038520
1535 -433.538986 315.338608
1536 -433.539000 316.998947
1537 -433.539555 318.871526
1538 -433.540562 320.640475
1539 -433.541748 321.845860
1540 -433.542665 322.016366
1541 -433.542056 320.939714
1542 -433.540293 318.957537
1543 -433.538842 316.819513
1544 -433.537573 315.261558
1545 -433.536989 314.824022
1546 -433.537221 315.751568
1547 -433.538455 317.895075
1548 -433.540918 320.645398
1549 -433.543091 323.008075
1550 -433.543581 324.086711
1551 -433.542542 323.591295
1552 -433.541188 321.826515
1553 -433.539222 319.437397
1554 -433.537500 317.264754
1555 -433.537297 316.015510
1556 -433.538740 315.810215
1557 -433.539820 316.190403
1558 -433.539558 316.706893
1559 -433.539143 317.273835
1560 -433.539801 317.858986
1561 -433.541064 318.136782
1562 -433.541788 317.594336
1563 -433.541099 315.929593
1564 -433.539404 313.348102
1565 -433.537708 310.451577
1566 -433.536208 307.935735
1567 -433.535381 306.397255
1568 -433.535612 306.175161
1569 -433.536874 307.200843
1570 -433.538874 308.981937
1571 -433.540753 310.760314
1572 -433.541930 311.804869
1573 -433.541689 311.728613
1574 -433.540912 310.605234
1575 -433.539907 308.805481
1576 -433.539181 306.764361
1577 -433.539241 304.795615
1578 -433.539341 302.992898
1579 -433.538925 301.403825
1580 -433.538152 300.232990
1581 -433.537239 299.815608
1582 -433.536654 300.492557
1583 -433.536581 302.459245
1584 -433.537594 305.628660
1585 -433.539305 309.511006
1586 -433.540769 313.329748
1587 -433.541687 316.346719
1588 -433.541211 318.160075
1589 -433.540558 318.850104
1590 -433.540035 318.737058
1591 -433.540098 318.090024
1592 -433.540184 317.026289
1593 -433.539147 315.673194
1594 -433.537692 314.443734
1595 -433.536938 313.871003
1596 -433.537390 314.214003
1597 -433.538321 315.332249
1598 -433.539425 316.865035
1599 -433.540946 318.338407
1600 -433.542710 319.112923
1601 -433.543686 318.530972
1602 -433.543377 316.254443
1603 -433.541745 312.495303
1604 -433.539372 308.027303
1605 -433.536683 303.986993
1606 -433.535371 301.492180
1607 -433.535858 301.092716
1608 -433.536777 302.625082
1609 -433.537611 305.600648
1610 -433.538561 309.471719
1611 -433.539896 313.631325
1612 -433.541151 317.402017
1613 -433.541736 320.202507
1614 -433.541482 321.768281
1615 -433.541070 322.171823
1616 -433.540533 321.625467
1617 -433.539640 320.394192
1618 -433.538562 318.860733
1619 -433.538074 317.416970
1620 -433.537262 316.378669
1621 -433.536444 316.087191
1622 -433.536655 316.820240
1623 -433.538323 318.446295
1624 -433.540535 320.287683
1625 -433.541587 321.513897
1626 -433.541148 321.679158
1627 -433.539855 320.897909
1628 -433.538646 319.635988
1629 -433.538161 318.368480
1630 -433.538257 317.355241
1631 -433.538764 316.627978
1632 -433.539105 316.092859
1633 -433.538921 315.705513
1634 -433.538771 315.549669
1635 -433.539059 315.656514
1636 -433.539507 315.882475
1637 -433.539990 315.965838
1638 -433.540223 315.640343
1639 -433.539787 314.804249
1640 -433.539078 313.600161
1641 -433.538416 312.329134
1642 -433.537827 311.322746
1643 -433.537397 310.883409
1644 -433.537528 311.199942
1645 -433.537976 312.240312
1646 -433.538573 313.786835
1647 -433.539382 315.506439
1648 -433.539889 317.021661
1649 -433.540139 318.054289
1650 -433.540233 318.483039
1651 -433.540292 318.282814
1652 -433.540048 317.520973
1653 -433.539274 316.387716
1654 -433.537670 315.279195
1655 -433.536241 314.809160
1656 -433.536156 315.479324
1657 -433.537228 317.309229
1658 -433.538529 319.840513
1659 -433.539567 322.462498
1660 -433.540604 324.622097
1661 -433.541662 325.789532
1662 -433.542246 325.507933
1663 -433.542162 323.555998
1664 -433.541312 320.044477
1665 -433.540413 315.374481
1666 -433.539023 310.129528
1667 -433.537337 305.040494
1668 -433.535987 300.908285
1669 -433.535425 298.363639
1670 -433.535955 297.637055
1671 -433.537583 298.454828
1672 -433.540038 300.051079
1673 -433.541773 301.411778
1674 -433.542266 301.772596
1675 -433.541570 300.913200
1676 -433.539984 299.174563
1677 -433.538346 297.282394
1678 -433.536638 296.059583
1679 -433.535582 296.249808
1680 -433.535643 298.299395
1681 -433.536937 302.149035
1682 -433.538592 307.266089
1683 -433.540151 312.894930
1684 -433.541461 318.276419
1685 -433.542325 322.757348
1686 -433.543044 325.820879
1687 -433.543395 327.081975
1688 -433.543136 326.369386
1689 -433.542402 323.795278
1690 -433.541074 319.778348
1691 -433.539103 315.043528
1692 -433.536836 310.575106
1693 -433.535231 307.417930
1694 -433.534830 306.313271
1695 -433.535194 307.493608
1696 -433.536605 310.730412
1697 -433.539290 315.304045
1698 -433.541654 320.067268
1699 -433.542907 323.901802
1700 -433.543053 326.123999
1701 -433.542795 326.514764
1702 -433.542135 325.162407
1703 -433.540759 322.433231
1704 -433.538840 319.017557
1705 -433.536815 315.856178
1706 -433.535769 313.882112
1707 -433.535995 313.639349
1708 -433.537234 315.108478
1709 -433.538831 317.821553
1710 -433.540453 321.061969
1711 -433.542129 324.009366
1712 -433.543789 325.810601
1713 -433.544694 325.686910
1714 -433.543882 323.283758
1715 -433.541922 318.952323
1716 -433.539563 313.602832
1717 -433.537500 308.360865
1718 -433.535930 304.259215
1719 -433.535179 302.059219
1720 -433.536008 302.063361
1721 -433.537679 303.988450
1722 -433.539146 307.190445
1723 -433.539913 311.075451
1724 -433.540139 315.315442
1725 -433.540057 319.825906
1726 -433.540457 324.569176
1727 -433.541898 329.255051
1728 -433.544189 333.148142
1729 -433.545807 335.222233
1730 -433.545975 334.647440
1731 -433.545097 331.145600
1732 -433.543410 324.994044
1733 -433.541047 316.939013
1734 -433.538200 308.109901
1735 -433.535690 299.839512
1736 -433.534505 293.296490
1737 -433.533898 289.216862
1738 -433.533539 287.986722
1739 -433.533981 289.721208
1740 -433.535638 294.134506
1741 -433.538427 300.404520
1742 -433.541454 307.257117
1743 -433.543533 313.337947
1744 -433.544358 317.635409
1745 -433.543999 319.693973
1746 -433.542854 319.574928
1747 -433.540636 317.805552
1748 -433.538390 315.293873
1749 -433.536448 313.039186
1750 -433.535907 311.831994
1751 -433.536701 311.937617
1752 -433.537478 313.126819
1753 -433.537873 315.062949
1754 -433.539131 317.387622
1755 -433.541063 319.492834
1756 -433.542720 320.540358
1757 -433.543043 319.848035
1758 -433.541870 317.261879
1759 -433.540310 313.232390
1760 -433.538909 308.502293
1761 -433.537359 303.859287
1762 -433.535450 300.174601
1763 -433.533835 298.381217
1764 -433.533725 299.177279
1765 -433.535341 302.605233
1766 -433.538165 307.921334
1767 -433.541632 313.810931
1768 -433.544326 318.739614
1769 -433.544671 321.540874
1770 -433.543377 321.910116
1771 -433.541668 320.295237
1772 -433.539997 317.450366
1773 -433.537732 314.249514
1774 -433.535571 311.712345
1775 -433.535272 310.684946
1776 -433.536395 311.364606
1777 -433.537651 313.342612
1778 -433.538639 316.042171
1779 -433.539554 318.943795
1780 -433.540806 321.535118
1781 -433.542387 323.205415
1782 -433.543380 323.311997
1783 -433.543979 321.394021
1784 -433.543890 317.252705
1785 -433.542754 311.022390
1786 -433.540059 303.358036
1787 -433.536771 295.484296
1788 -433.534084 288.869489
1789 -433.532470 284.752007
1790 -433.532064 283.863320
1791 -433.533098 286.295706
1792 -433.534977 291.513975
1793 -433.537248 298.547239
1794 -433.539256 306.260822
1795 -433.540356 313.660545
1796 -433.540745 320.122097
1797 -433.540832 325.371129
1798 -433.540609 329.353359
1799 -433.540369 332.167148
1800 -433.541053 333.880960
1801 -433.542351 334.305051
1802 -433.543313 333.046147
1803 -433.543279 329.863477
1804 -433.542264 324.912157
1805 -433.539966 318.852240
1806 -433.537410 312.828987
1807 -433.535969 308.036574
1808 -433.535355 305.263353
1809 -433.535662 304.794413
1810 -433.537155 306.403501
1811 -433.539267 309.370761
1812 -433.541399 312.706642
1813 -433.543483 315.382662
1814 -433.544948 316.459539
1815 -433.544600 315.370630
1816 -433.542734 312.255759
1817 -433.540676 307.852309
1818 -433.538430 303.179076
1819 -433.536277 299.361627
1820 -433.535523 297.384160
1821 -433.536387 297.687591
1822 -433.538848 299.936301
1823 -433.541394 303.165315
1824 -433.542627 306.289943
1825 -433.542540 308.647895
1826 -433.542073 310.090701
1827 -433.541515 310.763233
1828 -433.540650 310.927369
1829 -433.539082 311.011341
1830 -433.537745 311.629314
1831 -433.537285 313.291879
1832 -433.537954 316.103891
1833 -433.539265 319.701482
1834 -433.540664 323.433033
1835 -433.542365 326.574507
1836 -433.543757 328.397635
1837 -433.543818 328.392808
1838 -433.542620 326.600545
1839 -433.541538 323.532741
1840 -433.540738 319.765578
1841 -433.539601 315.783133
1842 -433.538451 312.088343
1843 -433.538106 309.119083
1844 -433.537924 307.096303
1845 -433.537886 306.123453
1846 -433.538481 306.186984
1847 -433.538993 307.105784
1848 -433.539647 308.644000
1849 -433.540370 310.528641
1850 -433.540688 312.474656
1851 -433.540494 314.318337
1852 -433.540203 316.070331
1853 -433.540864 317.709089
1854 -433.541467 318.986726
1855 -433.541505 319.636162
1856 -433.540929 319.643125
1857 -433.540058 319.267622
1858 -433.539661 318.881329
1859 -433.539445 318.734280
1860 -433.539160 318.931477
1861 -433.539416 319.493451
1862 -433.540823 320.192700
1863 -433.541943 320.539921
1864 -433.542086 320.136167
1865 -433.541201 318.970563
1866 -433.539686 317.446633
1867 -433.538326 316.177360
1868 -433.537934 315.667308
1869 -433.538956 315.981809
1870 -433.540383 316.688307
1871 -433.540976 317.207079
1872 -433.540837 317.218931
1873 -433.540853 316.684791
1874 -433.540930 315.622763
1875 -433.541129 314.013529
1876 -433.541613 311.749170
1877 -433.541770 308.650620
1878 -433.541103 304.653860
1879 -433.539494 300.037186
1880 -433.537734 295.429869
1881 -433.536277 291.601133
1882 -433.535430 289.230751
1883 -433.535000 288.784515
1884 -433.534935 290.513363
1885 -433.535583 294.435653
1886 -433.537345 300.203966
1887 -433.540099 306.970313
1888 -433.542339 313.544669
1889 -433.543340 318.889773
1890 -433.543398 322.433286
1891 -433.542412 324.075569
1892 -433.540937 324.151010
1893 -433.539974 323.208200
1894 -433.539702 321.676520
1895 -433.539722 319.744458
1896 -433.540007 317.456412
1897 -433.540644 314.752504
1898 -433.540595 311.544769
1899 -433.539242 308.004761
1900 -433.536771 304.784087
1901 -433.534797 302.875434
1902 -433.533957 303.151321
1903 -433.534971 305.953390
1904 -433.537704 310.830399
1905 -433.540374 316.643493
1906 -433.542829 322.100486
1907 -433.544549 326.042635
1908 -433.544769 327.652717
1909 -433.543846 326.714365
1910 -433.542922 323.474932
1911 -433.541346 318.426341
1912 -433.539550 312.309205
1913 -433.537381 306.092625
1914 -433.534675 300.930002
1915 -433.532358 298.085512
1916 -433.531851 298.552669
1917 -433.532867 302.643386
1918 -433.535279 309.899350
1919 -433.538503 319.208476
1920 -433.542090 329.024304
1921 -433.545564 337.602210
1922 -433.547754 343.325761
1923 -433.548989 345.044640
1924 -433.548423 342.240751
1925 -433.545885 335.251720
1926 -433.542471 325.300055
1927 -433.538988 314.106287
1928 -433.535627 303.502766
1929 -433.532976 295.197170
1930 -433.531855 290.482777
1931 -433.532845 289.880016
1932 -433.535505 292.981151
1933 -433.538971 298.585954
1934 -433.542036 305.077514
1935 -433.544305 310.892933
1936 -433.544459 314.938407
1937 -433.543395 316.885840
1938 -433.541926 317.061660
1939 -433.540216 316.095584
1940 -433.538349 314.763491
1941 -433.537166 313.874517
1942 -433.537421 313.960687
1943 -433.538567 315.012283
1944 -433.539332 316.617719
1945 -433.539753 318.342471
1946 -433.540663 319.781400
1947 -433.541463 320.467094
1948 -433.542372 319.957822
1949 -433.542609 317.949185
1950 -433.541479 314.488872
1951 -433.539736 310.152129
1952 -433.537803 305.851254
1953 -433.535982 302.576349
1954 -433.535284 301.169348
1955 -433.535760 302.007649
1956 -433.536949 304.912860
1957 -433.538423 309.319435
1958 -433.539731 314.498171
1959 -433.541015 319.716533
1960 -433.542218 324.332481
1961 -433.543466 327.793648
1962 -433.543637 329.705500
1963 -433.543036 330.052885
1964 -433.542696 329.087408
1965 -433.542343 327.036189
1966 -433.541642 324.108969
1967 -433.540606 320.624717
1968 -433.539590 317.029355
1969 -433.539350 313.722582
1970 -433.540034 310.822203
1971 -433.540900 308.103796
1972 -433.540901 305.251668
1973 -433.540501 302.191607
1974 -433.540107 299.048128
1975 -433.538973 296.081680
1976 -433.537760 293.763531
1977 -433.536756 292.627251
1978 -433.535675 293.147546
1979 -433.535168 295.702487
1980 -433.536026 300.371122
1981 -433.538323 306.675771
1982 -433.540365 313.663170
1983 -433.541496 320.371745
1984 -433.542005 326.144496
1985 -433.542366 330.581456
1986 -433.543300 333.357082
1987 -433.544033 334.072346
1988 -433.543734 332.428538
1989 -433.542652 328.501660
1990 -433.541233 322.716395
1991 -433.539107 315.789743
1992 -433.536763 308.730567
1993 -433.535271 302.606155
1994 -433.534887 298.194800
1995 -433.535286 295.820146
1996 -433.535826 295.463105
1997 -433.536539 296.955796
1998 -433.538003 299.977509
1999 -433.540262 303.906904
2000 -433.542128 307.842288
2001 -433.542799 310.999066
2002 -433.542348 313.030396
2003 -433.541300 314.020138
2004 -433.540596 314.266415
2005 -433.539768 314.072104
2006 -433.539376 313.697227
2007 -433.539905 313.250664
2008 -433.539794 312.665984
2009 -433.538809 312.009421
2010 -433.538305 311.546018
2011 -433.538640 311.377315
2012 -433.539589 311.289199
2013 -433.540614 310.863740
2014 -433.541260 309.703245
2015 -433.540353 307.697605
2016 -433.537885 305.313529
2017 -433.535252 303.575534
2018 -433.534220 303.501243
2019 -433.534698 305.545511
2020 -433.536329 309.488977
2021 -433.538681 314.584438
2022 -433.541026 319.783538
2023 -433.542489 324.065660
2024 -433.543169 326.745481
2025 -433.543389 327.528691
2026 -433.542250 326.495611
2027 -433.540260 324.181706
2028 -433.539702 321.318567
2029 -433.540302 318.220169
2030 -433.540119 314.822112
2031 -433.539638 311.171579
2032 -433.539717 307.404209
2033 -433.538876 303.683913
2034 -433.537195 300.451119
2035 -433.536006 298.384647
2036 -433.536050 297.971350
2037 -433.536904 299.232310
2038 -433.537770 301.831303
2039 -433.538604 305.342557
2040 -433.539600 309.350066
2041 -433.540387 313.442639
2042 -433.540387 317.344257
2043 -433.539915 321.053671
2044 -433.539798 324.727390
2045 -433.540650 328.371226
2046 -433.542198 331.611185
2047 -433.543340 333.782968
2048 -433.543647 334.310167
2049 -433.543964 332.867885
2050 -433.543317 329.374022
2051 -433.542977 324.010652
2052 -433.542608 317.049823
2053 -433.540973 308.919015
2054 -433.538733 300.451927
2055 -433.536952 292.725534
2056 -433.535570 286.681723
2057 -433.534083 283.084775
2058 -433.533379 282.570645
2059 -433.534151 285.369051
2060 -433.535839 291.117693
2061 -433.537891 299.010739
2062 -433.540678 307.967865
2063 -433.543543 316.666273
2064 -433.545381 323.796670
2065 -433.545605 328.489489
2066 -433.544708 330.559384
2067 -433.543596 330.373934
2068 -433.542320 328.565659
2069 -433.540727 325.909377
2070 -433.539292 323.251160
2071 -433.538097 321.366205
2072 -433.537520 320.806863
2073 -433.538128 321.742196
2074 -433.539239 323.876701
2075 -433.540607 326.627483
2076 -433.541872 329.313110
2077 -433.542621 331.306540
2078 -433.543712 332.101397
2079 -433.545156 331.179786
2080 -433.545917 328.024059
2081 -433.544846 322.470703
2082 -433.542293 315.068121
2083 -433.539093 306.998403
2084 -433.536348 299.685511
2085 -433.534850 294.335580
2086 -433.534562 291.619195
2087 -433.535480 291.611349
2088 -433.537310 293.833680
2089 -433.539188 297.424690
2090 -433.540398 301.479152
2091 -433.540898 305.342924
2092 -433.540907 308.690691
2093 -433.540672 311.455089
2094 -433.539916 313.782711
2095 -433.539233 315.999064
2096 -433.539579 318.376127
2097 -433.540420 320.887376
2098 -433.540896 323.296502
2099 -433.540826 325.409521
2100 -433.540932 327.118598
2101 -433.541424 328.274513
2102 -433.542165 328.621224
2103 -433.542528 327.876485
2104 -433.542205 325.923601
2105 -433.541616 322.906117
2106 -433.541386 319.065233
2107 -433.541109 314.593927
2108 -433.540509 309.734980
2109 -433.539392 304.899037
2110 -433.537642 300.717330
2111 -433.535919 297.987121
2112 -433.534742 297.444798
2113 -433.535229 299.461382
2114 -433.537503 303.716066
2115 -433.540632 309.154447
2116 -433.542962 314.401866
2117 -433.543757 318.352622
2118 -433.543403 320.512356
2119 -433.542133 320.958859
2120 -433.540359 320.205908
2121 -433.539642 318.933461
2122 -433.540391 317.515986
2123 -433.541203 315.886223
2124 -433.541116 313.927199
2125 -433.540916 311.752094
2126 -433.540649 309.570056
2127 -433.539972 307.627349
2128 -433.539682 306.193373
2129 -433.539289 305.477870
2130 -433.539369 305.615709
2131 -433.540498 306.532911
2132 -433.541300 307.890825
2133 -433.541098 309.420010
2134 -433.540463 311.169491
2135 -433.540055 313.343925
2136 -433.540078 316.072478
2137 -433.541086 319.215407
2138 -433.542053 322.331151
2139 -433.542190 324.953433
2140 -433.541537 326.893695
2141 -433.540958 328.248591
2142 -433.541315 329.109995
2143 -433.542124 329.307112
2144 -433.542573 328.533772
2145 -433.542607 326.600827
2146 -433.541962 323.555337
2147 -433.541061 319.682274
2148 -433.539722 315.417202
2149 -433.537988 311.373854
2150 -433.536759 308.248903
2151 -433.536089 306.572848
2152 -433.536543 306.564062
2153 -433.538324 307.977928
2154 -433.540128 310.144496
2155 -433.541412 312.294433
2156 -433.541877 313.841140
2157 -433.541443 314.536551
2158 -433.540787 314.471975
2159 -433.540563 313.868598
2160 -433.540700 312.846017
2161 -433.540430 311.459319
2162 -433.539289 309.940014
2163 -433.537365 308.844478
2164 -433.535567 308.988221
2165 -433.535496 311.014604
2166 -433.536802 314.939394
2167 -433.539097 320.121828
2168 -433.541347 325.501558
2169 -433.542975 329.963886
2170 -433.543929 332.632742
2171 -433.543681 333.021311
2172 -433.542432 331.144284
2173 -433.540828 327.478091
2174 -433.539845 322.668295
2175 -433.539605 317.176286
2176 -433.538885 311.271095
2177 -433.537726 305.314122
2178 -433.536740 299.813981
2179 -433.535980 295.253661
2180 -433.535817 291.973321
2181 -433.536017 290.098969
2182 -433.536188 289.589909
2183 -433.536515 290.341496
2184 -433.537515 292.134480
2185 -433.538776 294.542219
2186 -433.539851 297.022843
2187 -433.540620 299.086243
2188 -433.540533 300.441900
2189 -433.539816 301.125405
2190 -433.538709 301.497020
2191 -433.537829 302.067022
2192 -433.537314 303.280163
2193 -433.537231 305.417147
2194 -433.537553 308.555528
2195 -433.538276 312.571001
2196 -433.538969 317.178587
2197 -433.540101 321.988090
2198 -433.541517 326.460738
2199 -433.542514 329.964974
2200 -433.542650 332.038959
2201 -433.542630 332.521017
2202 -433.542602 331.440980
2203 -433.542135 328.940298
2204 -433.541264 325.329493
2205 -433.539946 321.120460
2206 -433.538606 316.946433
2207 -433.537804 313.390077
2208 -433.538188 310.757997
2209 -433.539390 308.925664
2210 -433.540247 307.475789
2211 -433.539742 306.118750
2212 -433.538289 305.027279
2213 -433.536371 304.817888
2214 -433.535400 306.231778
2215 -433.535241 309.711947
2216 -433.535462 315.293369
2217 -433.537181 322.633202
2218 -433.539990 330.836346
2219 -433.542718 338.579773
2220 -433.545125 344.501547
2221 -433.546545 347.469201
2222 -433.546495 346.827435
2223 -433.544959 342.599489
2224 -433.542546 335.491382
2225 -433.540210 326.622579
2226 -433.537800 317.247223
2227 -433.535368 308.655427
2228 -433.532912 302.140552
2229 -433.531480 298.848118
2230 -433.532272 299.378047
2231 -433.535269 303.398016
2232 -433.539083 309.675378
2233 -433.542163 316.587343
2234 -433.544064 322.711403
2235 -433.545044 327.098238
2236 -433.545387 329.222491
2237 -433.544479 328.978663
2238 -433.542942 326.764159
2239 -433.541590 323.280428
2240 -433.540103 319.275339
2241 -433.538859 315.470584
2242 -433.538567 312.403211
2243 -433.538529 310.282743
2244 -433.538925 309.085232
2245 -433.540343 308.531196
2246 -433.541381 308.067134
2247 -433.541426 307.223379
2248 -433.541242 305.852295
2249 -433.541621 303.949387
2250 -433.541721 301.445670
2251 -433.540048 298.490170
2252 -433.537697 295.790484
2253 -433.536720 294.254512
2254 -433.536861 294.386933
2255 -433.537398 296.197548
2256 -433.539100 299.367748
2257 -433.541186 303.207018
2258 -433.541709 306.963498
2259 -433.540955 310.360443
2260 -433.540384 313.550891
2261 -433.540433 316.691016
2262 -433.540881 319.724811
2263 -433.541817 322.391478
2264 -433.542501 324.302814
2265 -433.542524 325.173925
2266 -433.541427 325.050574
2267 -433.539496 324.423735
2268 -433.537951 324.102865
2269 -433.537351 324.795077
2270 -433.537834 326.801273
2271 -433.539812 329.867393
2272 -433.542689 333.084912
2273 -433.545070 335.166696
2274 -433.546404 334.955129
2275 -433.545918 331.853483
2276 -433.544231 325.994704
2277 -433.541402 318.180660
2278 -433.538915 309.658082
2279 -433.536804 301.704691
2280 -433.535000 295.446179
2281 -433.534583 291.726634
2282 -433.535602 290.823013
2283 -433.537057 292.411649
2284 -433.538509 295.872023
2285 -433.540087 300.496972
2286 -433.541551 305.518682
2287 -433.542205 310.254632
2288 -433.542168 314.308999
2289 -433.541702 317.612913
2290 -433.540434 320.398446
2291 -433.539204 323.164968
2292 -433.539126 326.359192
2293 -433.539567 330.095899
2294 -433.540636 334.150301
2295 -433.542327 337.977506
2296 -433.545006 340.678735
2297 -433.546668 341.177407
2298 -433.546260 338.814537
2299 -433.544110 333.775106
2300 -433.541325 327.028058
2301 -433.539107 319.877578
2302 -433.538338 313.440490
2303 -433.538672 308.308278
2304 -433.539258 304.571103
2305 -433.540019 302.062757
2306 -433.540613 300.512179
2307 -433.541164 299.641542
2308 -433.541064 299.260026
2309 -433.540195 299.433912
2310 -433.539151 300.511178
2311 -433.538456 302.902397
2312 -433.538816 306.807373
2313 -433.540170 311.999525
2314 -433.541840 317.816210
2315 -433.543052 323.422507
2316 -433.543773 328.111952
2317 -433.544245 331.399209
2318 -433.544919 332.922141
2319 -433.545278 332.354544
2320 -433.545020 329.504852
2321 -433.543928 324.477098
2322 -433.542352 317.731296
2323 -433.540479 310.002982
2324 -433.538628 302.198485
2325 -433.536686 295.320304
2326 -433.535140 290.350268
2327 -433.534225 288.088770
2328 -433.534301 288.984458
2329 -433.535754 292.960783
2330 -433.538565 299.291535
2331 -433.541501 306.689979
2332 -433.543254 313.763094
2333 -433.544085 319.490295
2334 -433.544132 323.311748
2335 -433.543445 325.101728
2336 -433.542822 325.068179
2337 -433.542170 323.520610
2338 -433.541108 320.844498
2339 -433.539720 317.590971
2340 -433.538649 314.441573
2341 -433.538481 311.958384
2342 -433.538644 310.400640
2343 -433.539109 309.782872
2344 -433.539749 309.932202
2345 -433.540891 310.512781
2346 -433.542013 311.025554
2347 -433.541766 311.065079
2348 -433.540927 310.638019
2349 -433.540062 310.066076
2350 -433.539732 309.697228
2351 -433.540218 309.682701
2352 -433.541395 309.849772
2353 -433.541521 309.864597
2354 -433.540400 309.703811
2355 -433.539035 309.794554
2356 -433.538713 310.624040
2357 -433.539073 312.385576
2358 -433.540059 314.936866
2359 -433.540470 317.959080
2360 -433.540350 321.214561
2361 -433.540020 324.639774
2362 -433.539932 328.218488
2363 -433.540222 331.849475
2364 -433.541267 335.279344
2365 -433.542706 338.034490
2366 -433.543186 339.597383
2367 -433.542947 339.736817
2368 -433.542851 338.503573
2369 -433.542926 335.995939
2370 -433.543356 332.232386
2371 -433.542961 327.198838
2372 -433.540471 321.221017
2373 -433.538059 315.213639
2374 -433.537355 310.166867
2375 -433.537776 306.545597
2376 -433.538357 304.339510
2377 -433.538940 303.364682
2378 -433.539996 303.342182
2379 -433.541089 303.849118
2380 -433.541590 304.440033
2381 -433.541750 304.831688
2382 -433.541272 304.946669
2383 -433.540577 304.901073
2384 -433.540037 304.902457
2385 -433.539754 305.122224
2386 -433.540408 305.575824
2387 -433.541743 305.993630
2388 -433.542701 305.906222
2389 -433.542136 305.054322
2390 -433.540608 303.714929
2391 -433.538600 302.598348
2392 -433.536670 302.622052
2393 -433.535973 304.601632
2394 -433.536505 308.872527
2395 -433.537723 315.205315
2396 -433.539917 322.904041
2397 -433.543349 330.779495
2398 -433.547287 337.166278
2399 -433.549922 340.303090
2400 -433.549779 339.043216
2401 -433.547175 333.437143
2402 -433.543550 324.637341
2403 -433.539779 314.366618
2404 -433.536364 304.496596
2405 -433.533663 296.746800
2406 -433.532406 292.409185
2407 -433.533093 292.051320
2408 -433.535649 295.313748
2409 -433.538966 301.012769
2410 -433.541805 307.593400
2411 -433.543408 313.685294
2412 -433.543919 318.430542
2413 -433.543257 321.559921
2414 -433.542230 323.298954
2415 -433.541620 324.080041
2416 -433.541502 324.230734
2417 -433.541847 323.856170
2418 -433.541946 322.911434
2419 -433.541831 321.381403
2420 -433.541151 319.392617
2421 -433.540039 317.282820
2422 -433.539381 315.503724
2423 -433.539475 314.332845
2424 -433.539465 313.797868
2425 -433.539699 313.845218
2426 -433.540615 314.330549
2427 -433.541633 314.924293
2428 -433.541869 315.299259
2429 -433.541353 315.390811
2430 -433.540639 315.401686
2431 -433.540044 315.599470
2432 -433.539597 316.197731
2433 -433.540032 317.256088
2434 -433.541335 318.505055
2435 -433.542936 319.338772
2436 -433.543755 319.099597
2437 -433.543130 317.476402
2438 -433.540826 314.800154
2439 -433.538132 312.028932
2440 -433.536113 310.337468
2441 -433.535323 310.645348
2442 -433.535966 313.356450
2443 -433.537748 318.242988
2444 -433.539567 324.566676
2445 -433.541261 331.410416
2446 -433.543759 337.772558
2447 -433.546419 342.470454
2448 -433.548496 344.286327
2449 -433.549084 342.335755
2450 -433.547586 336.444780
2451 -433.544921 327.297073
2452 -433.541411 316.244756
2453 -433.537480 305.034116
2454 -433.534171 295.510609
2455 -433.532487 289.191016
2456 -433.532637 286.872750
2457 -433.533963 288.533604
2458 -433.536071 293.505281
2459 -433.538861 300.661154
2460 -433.542389 308.498123
2461 -433.545501 315.304823
2462 -433.546694 319.640216
2463 -433.546128 320.821569
2464 -433.543985 319.056306
2465 -433.541244 315.251824
2466 -433.538485 310.667296
2467 -433.536594 306.563284
2468 -433.536002 303.863076
2469 -433.536492 302.947182
2470 -433.537476 303.702748
2471 -433.538844 305.685771
2472 -433.540697 308.228916
2473 -433.541956 310.582360
2474 -433.542313 312.200943
2475 -433.541676 312.952655
2476 -433.540901 313.083558
2477 -433.541071 312.884014
2478 -433.541247 312.425262
2479 -433.541602 311.639994
2480 -433.541221 310.474584
2481 -433.540557 309.051395
2482 -433.540011 307.615337
2483 -433.539396 306.401815
2484 -433.538764 305.665384
2485 -433.538444 305.628888
2486 -433.538153 306.433799
2487 -433.538311 308.122030
2488 -433.538789 310.587830
2489 -433.539668 313.543553
2490 -433.540309 316.567574
2491 -433.540371 319.302576
2492 -433.540784 321.505387
2493 -433.541119 322.966693
2494 -433.540887 323.561206
2495 -433.540308 323.366153
2496 -433.539893 322.614911
2497 -433.539188 321.570383
2498 -433.538483 320.551214
2499 -433.538245 319.855832
2500 -433.538558 319.592114
2501 -433.539317 319.618561
2502 -433.540019 319.631765
2503 -433.540183 319.380281
2504 -433.540257 318.798714
2505 -433.540142 317.944028
2506 -433.539529 316.974420
2507 -433.538880 316.161142
2508 -433.538608 315.760904
2509 -433.539029 315.864878
2510 -433.539437 316.356954
2511 -433.539687 317.048504
2512 -433.540063 317.769203
2513 -433.540031 318.377158
2514 -433.539797 318.854692
2515 -433.540107 319.265315
2516 -433.540686 319.577742
2517 -433.541214 319.667988
2518 -433.541590 319.419997
2519 -433.541643 318.775806
2520 -433.541219 317.809124
2521 -433.539756 316.841393
2522 -433.537963 316.537528
2523 -433.538194 317.539762
2524 -433.540155 319.802582
2525 -433.542404 322.559851
2526 -433.544170 324.793727
2527 -433.544781 325.657152
2528 -433.544403 324.756288
2529 -433.543237 322.217727
2530 -433.541684 318.564553
2531 -433.540108 314.539341
2532 -433.538738 310.919603
2533 -433.537981 308.340881
2534 -433.537623 307.199290
2535 -433.537812 307.630690
2536 -433.539069 309.422309
2537 -433.540497 311.999971
2538 -433.542204 314.595881
2539 -433.543328 316.416434
2540 -433.543480 316.892385
2541 -433.542346 315.929873
2542 -433.540472 313.969301
2543 -433.538937 311.755278
2544 -433.538152 309.983662
2545 -433.538364 309.054578
2546 -433.539068 308.982441
2547 -433.539855 309.523139
2548 -433.540729 310.314659
2549 -433.541563 310.933761
2550 -433.541900 311.000931
2551 -433.541869 310.304837
2552 -433.541603 308.822559
2553 -433.541187 306.640115
2554 -433.540380 303.921195
2555 -433.538949 300.999881
2556 -433.537601 298.412539
2557 -433.536834 296.682793
2558 -433.536447 296.134295
2559 -433.536389 296.888828
2560 -433.536527 298.935447
2561 -433.536728 302.196804
2562 -433.537204 306.545051
2563 -433.538355 311.719192
2564 -433.540266 317.172376
2565 -433.541754 322.150621
2566 -433.542732 325.994143
2567 -433.543987 328.197811
2568 -433.544727 328.311849
2569 -433.544467 326.090998
2570 -433.543348 321.694752
2571 -433.540959 315.753504
2572 -433.538003 309.356562
2573 -433.535371 303.835380
2574 -433.533971 300.363975
2575 -433.533568 299.676901
2576 -433.534229 302.017121
2577 -433.535660 307.167215
2578 -433.538316 314.478003
2579 -433.541457 322.843965
2580 -433.543388 331.000835
2581 -433.544360 338.006564
2582 -433.545240 343.257985
2583 -433.545907 346.287535
2584 -433.545791 346.822746
2585 -433.544681 344.969322
2586 -433.542474 341.305771
2587 -433.540099 336.821698
2588 -433.539114 332.494174
2589 -433.538961 328.874605
2590 -433.538831 326.150494
2591 -433.539590 324.285507
2592 -433.541060 322.895718
2593 -433.542470 321.290309
2594 -433.543205 318.794387
2595 -433.543444 314.990166
2596 -433.542452 309.820271
2597 -433.540064 303.769915
2598 -433.537587 297.842514
2599 -433.535853 293.127160
