1 -453.469898 2.024540
2 -453.486781 1.872250
3 -453.501309 1.735725
4 -453.513873 1.613197
5 -453.524794 1.503110
6 -453.534336 1.404085
7 -453.542714 1.314905
8 -453.550107 1.234492
9 -453.556665 1.161890
10 -453.562509 1.096253
11 -453.567743 1.036831
12 -453.572453 0.982958
13 -453.576710 0.934041
14 -453.580575 0.889555
15 -453.584100 0.849034
16 -453.587328 0.812062
17 -453.590296 0.778269
18 -453.593034 0.747328
19 -453.595571 0.718945
20 -453.597930 0.692861
21 -453.600129 0.668843
22 -453.602187 0.646686
23 -453.604117 0.626204
24 -453.605934 0.607235
25 -453.607648 0.589632
26 -453.609269 0.573263
27 -453.610806 0.558013
28 -453.612266 0.543777
29 -453.613656 0.530462
30 -453.614982 0.517984
31 -453.616250 0.506269
32 -453.617463 0.495249
33 -453.618627 0.484865
34 -453.619744 0.475062
35 -453.620818 0.465790
36 -453.621853 0.457007
37 -453.622851 0.448673
38 -453.623814 0.440752
39 -453.624744 0.433211
40 -453.625644 0.426022
41 -453.626516 0.419157
42 -453.627360 0.412592
43 -453.628180 0.406306
44 -453.628975 0.400278
45 -453.629748 0.394490
46 -453.630499 0.388926
47 -453.631229 0.383570
48 -453.631941 0.378409
49 -453.632633 0.373429
50 -453.633308 0.368619
51 -453.633967 0.363968
52 -453.634609 0.359466
53 -453.635235 0.355104
54 -453.635847 0.350874
55 -453.636445 0.346768
56 -453.637029 0.342778
57 -453.637600 0.338899
58 -453.638159 0.335124
59 -453.638705 0.331447
60 -453.639240 0.327863
61 -453.639763 0.324367
62 -453.640275 0.320955
63 -453.640777 0.317623
64 -453.641269 0.314365
65 -453.641751 0.311180
66 -453.642223 0.308063
67 -453.642686 0.305011
68 -453.643139 0.302022
69 -453.643585 0.299092
70 -453.644021 0.296218
71 -453.644450 0.293400
72 -453.644870 0.290633
73 -453.645283 0.287916
74 -453.645687 0.285248
75 -453.646085 0.282625
76 -453.646475 0.280047
77 -453.646859 0.277511
78 -453.647235 0.275017
79 -453.647605 0.272562
80 -453.647968 0.270145
81 -453.648325 0.267766
82 -453.648676 0.265422
83 -453.649021 0.263112
84 -453.649359 0.260836
85 -453.649692 0.258592
86 -453.650019 0.256379
87 -453.650341 0.254197
88 -453.650657 0.252044
89 -453.650968 0.249920
90 -453.651274 0.247824
91 -453.651575 0.245755
92 -453.651871 0.243712
93 -453.652162 0.241695
94 -453.652448 0.239702
95 -453.652729 0.237734
96 -453.653006 0.235790
97 -453.653278 0.233869
98 -453.653546 0.231970
99 -453.653810 0.230094
100 -453.654069 0.228239
101 -453.654325 0.226405
102 -453.654576 0.224591
103 -453.654823 0.222798
104 -453.655066 0.221024
105 -453.655306 0.219270
106 -453.655541 0.217535
107 -453.655773 0.215818
108 -453.656002 0.214120
109 -453.656226 0.212439
110 -453.656448 0.210775
111 -453.656666 0.209129
112 -453.656880 0.207500
113 -453.657091 0.205887
114 -453.657299 0.204290
115 -453.657504 0.202710
116 -453.657705 0.201145
117 -453.657904 0.199595
118 -453.658099 0.198060
119 -453.658291 0.196541
120 -453.658481 0.195036
121 -453.658667 0.193545
122 -453.658851 0.192069
123 -453.659032 0.190606
124 -453.659210 0.189157
125 -453.659386 0.187722
126 -453.659559 0.186300
127 -453.659729 0.184892
128 -453.659897 0.183496
129 -453.660062 0.182113
130 -453.660225 0.180742
131 -453.660385 0.179384
132 -453.660543 0.178038
133 -453.660698 0.176704
134 -453.660852 0.175382
135 -453.661003 0.174072
136 -453.661151 0.172773
137 -453.661298 0.171486
138 -453.661442 0.170210
139 -453.661584 0.168945
140 -453.661724 0.167691
141 -453.661862 0.166448
142 -453.661998 0.165215
143 -453.662132 0.163993
144 -453.662264 0.162782
145 -453.662394 0.161581
146 -453.662523 0.160390
147 -453.662649 0.159209
148 -453.662773 0.158038
149 -453.662896 0.156877
150 -453.663017 0.155725
151 -453.663136 0.154583
152 -453.663253 0.153451
153 -453.663369 0.152328
154 -453.663482 0.151214
155 -453.663595 0.150110
156 -453.663705 0.149014
157 -453.663814 0.147927
158 -453.663922 0.146850
159 -453.664028 0.145781
160 -453.664132 0.144721
161 -453.664235 0.143669
162 -453.664336 0.142626
163 -453.664436 0.141591
164 -453.664535 0.140564
165 -453.664632 0.139546
166 -453.664727 0.138536
167 -453.664821 0.137534
168 -453.664914 0.136540
169 -453.665006 0.135553
170 -453.665096 0.134575
171 -453.665185 0.133604
172 -453.665273 0.132641
173 -453.665359 0.131686
174 -453.665444 0.130738
175 -453.665528 0.129797
176 -453.665611 0.128864
177 -453.665692 0.127938
178 -453.665773 0.127019
179 -453.665852 0.126108
180 -453.665930 0.125203
181 -453.666007 0.124306
182 -453.666083 0.123415
183 -453.666158 0.122531
184 -453.666231 0.121654
185 -453.666304 0.120784
186 -453.666376 0.119921
187 -453.666446 0.119064
188 -453.666516 0.118213
189 -453.666585 0.117370
190 -453.666652 0.116532
191 -453.666719 0.115701
192 -453.666785 0.114876
193 -453.666850 0.114058
194 -453.666913 0.113246
195 -453.666976 0.112440
196 -453.667039 0.111640
197 -453.667100 0.110846
198 -453.667160 0.110058
199 -453.667220 0.109276
200 -453.667278 0.108499
201 -453.667336 0.107729
202 -453.667393 0.106964
203 -453.667449 0.106205
204 -453.667505 0.105452
205 -453.667559 0.104705
206 -453.667613 0.103963
207 -453.667666 0.103226
208 -453.667719 0.102495
209 -453.667770 0.101770
210 -453.667821 0.101050
211 -453.667871 0.100335
212 -453.667921 0.099625
213 -453.667969 0.098921
214 -453.668018 0.098222
215 -453.668065 0.097528
216 -453.668112 0.096839
217 -453.668158 0.096155
218 -453.668203 0.095477
219 -453.668248 0.094803
220 -453.668292 0.094134
221 -453.668336 0.093471
222 -453.668378 0.092812
223 -453.668421 0.092157
224 -453.668463 0.091508
225 -453.668504 0.090864
226 -453.668544 0.090224
227 -453.668584 0.089589
228 -453.668624 0.088958
229 -453.668663 0.088332
230 -453.668701 0.087711
231 -453.668739 0.087094
232 -453.668776 0.086481
233 -453.668813 0.085873
234 -453.668849 0.085270
235 -453.668885 0.084671
236 -453.668920 0.084076
237 -453.668955 0.083485
238 -453.668989 0.082899
239 -453.669023 0.082317
240 -453.669056 0.081740
241 -453.669089 0.081166
242 -453.669121 0.080597
243 -453.669153 0.080031
244 -453.669184 0.079470
245 -453.669215 0.078913
246 -453.669246 0.078360
247 -453.669276 0.077810
248 -453.669306 0.077265
249 -453.669335 0.076724
250 -453.669364 0.076186
251 -453.669393 0.075653
252 -453.669421 0.075123
253 -453.669449 0.074597
254 -453.669476 0.074075
255 -453.669503 0.073557
256 -453.669529 0.073042
257 -453.669556 0.072531
258 -453.669581 0.072023
259 -453.669607 0.071520
260 -453.669632 0.071020
261 -453.669657 0.070523
262 -453.669681 0.070030
263 -453.669705 0.069540
264 -453.669729 0.069054
265 -453.669753 0.068572
266 -453.669776 0.068093
267 -453.669798 0.067617
268 -453.669821 0.067145
269 -453.669843 0.066676
270 -453.669865 0.066210
271 -453.669886 0.065748
272 -453.669908 0.065289
273 -453.669929 0.064833
274 -453.669949 0.064381
275 -453.669970 0.063931
276 -453.669990 0.063485
277 -453.670010 0.063042
278 -453.670029 0.062603
279 -453.670048 0.062166
280 -453.670067 0.061732
281 -453.670086 0.061302
282 -453.670105 0.060874
283 -453.670123 0.060450
284 -453.670141 0.060028
285 -453.670158 0.059610
286 -453.670176 0.059195
287 -453.670193 0.058782
288 -453.670210 0.058372
289 -453.670227 0.057966
290 -453.670243 0.057562
291 -453.670260 0.057161
292 -453.670276 0.056763
293 -453.670291 0.056367
294 -453.670307 0.055975
295 -453.670322 0.055585
296 -453.670338 0.055198
297 -453.670353 0.054813
298 -453.670367 0.054432
299 -453.670382 0.054053
300 -453.670396 0.053676
301 -453.670410 0.053303
302 -453.670424 0.052932
303 -453.670438 0.052563
304 -453.670452 0.052198
305 -453.670465 0.051834
306 -453.670478 0.051474
307 -453.670491 0.051116
308 -453.670504 0.050760
309 -453.670517 0.050407
310 -453.670529 0.050056
311 -453.670542 0.049708
312 -453.670554 0.049362
313 -453.670566 0.049019
314 -453.670578 0.048678
315 -453.670589 0.048340
316 -453.670601 0.048004
317 -453.670612 0.047670
318 -453.670623 0.047338
319 -453.670634 0.047009
320 -453.670645 0.046683
321 -453.670656 0.046358
322 -453.670666 0.046036
323 -453.670677 0.045716
324 -453.670687 0.045398
325 -453.670697 0.045083
326 -453.670707 0.044769
327 -453.670717 0.044458
328 -453.670727 0.044149
329 -453.670736 0.043843
330 -453.670746 0.043538
331 -453.670755 0.043235
332 -453.670764 0.042935
333 -453.670773 0.042637
334 -453.670782 0.042341
335 -453.670791 0.042047
336 -453.670800 0.041755
337 -453.670808 0.041464
338 -453.670817 0.041177
339 -453.670825 0.040891
340 -453.670833 0.040607
341 -453.670841 0.040325
342 -453.670849 0.040045
343 -453.670857 0.039767
344 -453.670865 0.039490
345 -453.670873 0.039216
346 -453.670880 0.038944
347 -453.670888 0.038674
348 -453.670895 0.038405
349 -453.670902 0.038138
350 -453.670909 0.037874
351 -453.670916 0.037611
352 -453.670923 0.037350
353 -453.670930 0.037090
354 -453.670937 0.036833
355 -453.670944 0.036577
356 -453.670950 0.036323
357 -453.670957 0.036071
358 -453.670963 0.035821
359 -453.670969 0.035572
360 -453.670976 0.035326
361 -453.670982 0.035080
362 -453.670988 0.034837
363 -453.670994 0.034595
364 -453.671000 0.034355
365 -453.671005 0.034117
366 -453.671011 0.033880
367 -453.671017 0.033645
368 -453.671022 0.033412
369 -453.671028 0.033180
370 -453.671033 0.032950
371 -453.671039 0.032721
372 -453.671044 0.032494
373 -453.671049 0.032269
374 -453.671054 0.032045
375 -453.671059 0.031822
376 -453.671064 0.031602
377 -453.671069 0.031382
378 -453.671074 0.031165
379 -453.671079 0.030949
380 -453.671083 0.030734
381 -453.671088 0.030521
382 -453.671093 0.030309
383 -453.671097 0.030099
384 -453.671102 0.029890
385 -453.671106 0.029683
386 -453.671110 0.029477
387 -453.671115 0.029272
388 -453.671119 0.029069
389 -453.671123 0.028868
390 -453.671127 0.028668
391 -453.671131 0.028469
392 -453.671135 0.028271
393 -453.671139 0.028075
394 -453.671143 0.027881
395 -453.671147 0.027687
396 -453.671150 0.027495
397 -453.671154 0.027305
398 -453.671158 0.027115
399 -453.671161 0.026927
400 -453.671165 0.026741
401 -453.671169 0.026555
402 -453.671172 0.026371
403 -453.671175 0.026188
404 -453.671179 0.026007
405 -453.671182 0.025826
406 -453.671185 0.025647
407 -453.671189 0.025469
408 -453.671192 0.025293
409 -453.671195 0.025117
410 -453.671198 0.024943
411 -453.671201 0.024770
412 -453.671204 0.024599
413 -453.671207 0.024428
414 -453.671210 0.024259
415 -453.671213 0.024091
416 -453.671216 0.023924
417 -453.671219 0.023758
418 -453.671221 0.023593
419 -453.671224 0.023429
420 -453.671227 0.023267
421 -453.671229 0.023106
422 -453.671232 0.022946
423 -453.671235 0.022787
424 -453.671237 0.022629
425 -453.671240 0.022472
426 -453.671242 0.022316
427 -453.671245 0.022161
428 -453.671247 0.022008
429 -453.671249 0.021855
430 -453.671252 0.021704
431 -453.671254 0.021553
432 -453.671256 0.021404
433 -453.671259 0.021255
434 -453.671261 0.021108
435 -453.671263 0.020962
436 -453.671265 0.020816
437 -453.671267 0.020672
438 -453.671269 0.020529
439 -453.671272 0.020387
440 -453.671274 0.020245
441 -453.671276 0.020105
442 -453.671278 0.019966
443 -453.671280 0.019827
444 -453.671281 0.019690
445 -453.671283 0.019553
446 -453.671285 0.019418
447 -453.671287 0.019283
448 -453.671289 0.019149
449 -453.671291 0.019017
450 -453.671292 0.018885
451 -453.671294 0.018754
452 -453.671296 0.018624
453 -453.671298 0.018495
454 -453.671299 0.018367
455 -453.671301 0.018240
456 -453.671303 0.018113
457 -453.671304 0.017988
458 -453.671306 0.017863
459 -453.671307 0.017739
460 -453.671309 0.017616
461 -453.671310 0.017494
462 -453.671312 0.017373
463 -453.671313 0.017252
464 -453.671315 0.017133
465 -453.671316 0.017014
466 -453.671318 0.016896
467 -453.671319 0.016779
468 -453.671321 0.016663
469 -453.671322 0.016547
470 -453.671323 0.016433
471 -453.671325 0.016319
472 -453.671326 0.016206
473 -453.671327 0.016093
474 -453.671329 0.015982
475 -453.671330 0.015871
476 -453.671331 0.015761
477 -453.671332 0.015652
478 -453.671333 0.015543
479 -453.671335 0.015436
480 -453.671336 0.015329
481 -453.671337 0.015222
482 -453.671338 0.015117
483 -453.671339 0.015012
484 -453.671340 0.014908
485 -453.671341 0.014805
486 -453.671342 0.014702
487 -453.671344 0.014600
488 -453.671345 0.014499
489 -453.671346 0.014399
490 -453.671347 0.014299
491 -453.671348 0.014200
492 -453.671349 0.014101
493 -453.671350 0.014004
494 -453.671351 0.013906
495 -453.671352 0.013810
496 -453.671352 0.013714
497 -453.671353 0.013619
498 -453.671354 0.013525
499 -453.671355 0.013431
500 -453.671356 0.013338
501 -453.671357 0.013246
502 -453.671358 0.013154
503 -453.671359 0.013063
504 -453.671360 0.012972
505 -453.671360 0.012882
506 -453.671361 0.012793
507 -453.671362 0.012704
508 -453.671363 0.012616
509 -453.671364 0.012529
510 -453.671364 0.012442
511 -453.671365 0.012356
512 -453.671366 0.012270
513 -453.671367 0.012185
514 -453.671367 0.012101
515 -453.671368 0.012017
516 -453.671369 0.011934
517 -453.671369 0.011851
518 -453.671370 0.011769
519 -453.671371 0.011687
520 -453.671371 0.011606
521 -453.671372 0.011526
522 -453.671373 0.011446
523 -453.671373 0.011367
524 -453.671374 0.011288
525 -453.671375 0.011210
526 -453.671375 0.011132
527 -453.671376 0.011055
528 -453.671376 0.010978
529 -453.671377 0.010902
530 -453.671378 0.010826
531 -453.671378 0.010751
532 -453.671379 0.010677
533 -453.671379 0.010603
534 -453.671380 0.010529
535 -453.671380 0.010456
536 -453.671381 0.010384
537 -453.671382 0.010312
538 -453.671382 0.010241
539 -453.671383 0.010170
540 -453.671383 0.010099
541 -453.671384 0.010029
542 -453.671384 0.009960
543 -453.671385 0.009891
544 -453.671385 0.009822
545 -453.671386 0.009754
546 -453.671386 0.009686
547 -453.671386 0.009619
548 -453.671387 0.009553
549 -453.671387 0.009486
550 -453.671388 0.009421
551 -453.671388 0.009355
552 -453.671389 0.009290
553 -453.671389 0.009226
554 -453.671390 0.009162
555 -453.671390 0.009099
556 -453.671390 0.009036
557 -453.671391 0.008973
558 -453.671391 0.008911
559 -453.671392 0.008849
560 -453.671392 0.008788
561 -453.671392 0.008727
562 -453.671393 0.008666
563 -453.671393 0.008606
564 -453.671393 0.008547
565 -453.671394 0.008487
566 -453.671394 0.008429
567 -453.671394 0.008370
568 -453.671395 0.008312
569 -453.671395 0.008254
570 -453.671395 0.008197
571 -453.671396 0.008140
572 -453.671396 0.008084
573 -453.671396 0.008028
574 -453.671397 0.007972
575 -453.671397 0.007917
576 -453.671397 0.007862
577 -453.671398 0.007808
578 -453.671398 0.007754
579 -453.671398 0.007700
580 -453.671399 0.007647
581 -453.671399 0.007594
582 -453.671399 0.007541
583 -453.671399 0.007489
584 -453.671400 0.007437
585 -453.671400 0.007385
586 -453.671400 0.007334
587 -453.671400 0.007283
588 -453.671401 0.007233
589 -453.671401 0.007183
590 -453.671401 0.007133
591 -453.671402 0.007083
592 -453.671402 0.007034
593 -453.671402 0.006985
594 -453.671402 0.006937
595 -453.671402 0.006889
596 -453.671403 0.006841
597 -453.671403 0.006794
598 -453.671403 0.006747
599 -453.671403 0.006700
600 -453.671404 0.006654
601 -453.671404 0.006607
602 -453.671404 0.006562
603 -453.671404 0.006516
604 -453.671404 0.006471
605 -453.671405 0.006426
606 -453.671405 0.006382
607 -453.671405 0.006337
608 -453.671405 0.006293
609 -453.671405 0.006250
610 -453.671406 0.006206
611 -453.671406 0.006163
612 -453.671406 0.006121
613 -453.671406 0.006078
614 -453.671406 0.006036
615 -453.671407 0.005994
616 -453.671407 0.005953
617 -453.671407 0.005912
618 -453.671407 0.005871
619 -453.671407 0.005830
620 -453.671407 0.005789
621 -453.671408 0.005749
622 -453.671408 0.005709
623 -453.671408 0.005670
624 -453.671408 0.005631
625 -453.671408 0.005592
626 -453.671408 0.005553
627 -453.671409 0.005514
628 -453.671409 0.005476
629 -453.671409 0.005438
630 -453.671409 0.005400
631 -453.671409 0.005363
632 -453.671409 0.005326
633 -453.671409 0.005289
634 -453.671410 0.005252
635 -453.671410 0.005216
636 -453.671410 0.005180
637 -453.671410 0.005144
638 -453.671410 0.005108
639 -453.671410 0.005073
640 -453.671410 0.005038
641 -453.671410 0.005003
642 -453.671411 0.004968
643 -453.671411 0.004934
644 -453.671411 0.004899
645 -453.671411 0.004865
646 -453.671411 0.004832
647 -453.671411 0.004798
648 -453.671411 0.004765
649 -453.671411 0.004732
650 -453.671412 0.004699
651 -453.671412 0.004667
652 -453.671412 0.004634
653 -453.671412 0.004602
654 -453.671412 0.004570
655 -453.671412 0.004538
656 -453.671412 0.004507
657 -453.671412 0.004476
658 -453.671412 0.004445
659 -453.671412 0.004414
660 -453.671413 0.004383
661 -453.671413 0.004353
662 -453.671413 0.004323
663 -453.671413 0.004293
664 -453.671413 0.004263
665 -453.671413 0.004234
666 -453.671413 0.004204
667 -453.671413 0.004175
668 -453.671413 0.004146
669 -453.671413 0.004117
670 -453.671413 0.004089
671 -453.671414 0.004060
672 -453.671414 0.004032
673 -453.671414 0.004004
674 -453.671414 0.003977
675 -453.671414 0.003949
676 -453.671414 0.003922
677 -453.671414 0.003894
678 -453.671414 0.003867
679 -453.671414 0.003841
680 -453.671414 0.003814
681 -453.671414 0.003788
682 -453.671414 0.003761
683 -453.671414 0.003735
684 -453.671414 0.003709
685 -453.671415 0.003684
686 -453.671415 0.003658
687 -453.671415 0.003633
688 -453.671415 0.003608
689 -453.671415 0.003583
690 -453.671415 0.003558
691 -453.671415 0.003533
692 -453.671415 0.003509
693 -453.671415 0.003484
694 -453.671415 0.003460
695 -453.671415 0.003436
696 -453.671415 0.003412
697 -453.671415 0.003389
698 -453.671415 0.003365
699 -453.671415 0.003342
700 -453.671415 0.003319
701 -453.671416 0.003296
702 -453.671416 0.003273
703 -453.671416 0.003250
704 -453.671416 0.003228
705 -453.671416 0.003205
706 -453.671416 0.003183
707 -453.671416 0.003161
708 -453.671416 0.003139
709 -453.671416 0.003117
710 -453.671416 0.003096
711 -453.671416 0.003074
712 -453.671416 0.003053
713 -453.671416 0.003032
714 -453.671416 0.003011
715 -453.671416 0.002990
716 -453.671416 0.002969
717 -453.671416 0.002949
718 -453.671416 0.002928
719 -453.671416 0.002908
720 -453.671416 0.002888
721 -453.671416 0.002868
722 -453.671416 0.002848
723 -453.671417 0.002828
724 -453.671417 0.002808
725 -453.671417 0.002789
726 -453.671417 0.002770
727 -453.671417 0.002750
728 -453.671417 0.002731
729 -453.671417 0.002712
730 -453.671417 0.002694
731 -453.671417 0.002675
732 -453.671417 0.002656
733 -453.671417 0.002638
734 -453.671417 0.002620
735 -453.671417 0.002602
736 -453.671417 0.002584
737 -453.671417 0.002566
738 -453.671417 0.002548
739 -453.671417 0.002530
740 -453.671417 0.002513
741 -453.671417 0.002495
742 -453.671417 0.002478
743 -453.671417 0.002461
744 -453.671417 0.002444
745 -453.671417 0.002427
746 -453.671417 0.002410
747 -453.671417 0.002393
748 -453.671417 0.002377
749 -453.671417 0.002360
750 -453.671417 0.002344
751 -453.671417 0.002328
752 -453.671417 0.002311
753 -453.671417 0.002295
754 -453.671418 0.002279
755 -453.671418 0.002264
756 -453.671418 0.002248
757 -453.671418 0.002232
758 -453.671418 0.002217
759 -453.671418 0.002202
760 -453.671418 0.002186
761 -453.671418 0.002171
762 -453.671418 0.002156
763 -453.671418 0.002141
764 -453.671418 0.002126
765 -453.671418 0.002112
766 -453.671418 0.002097
767 -453.671418 0.002082
768 -453.671418 0.002068
769 -453.671418 0.002054
770 -453.671418 0.002039
771 -453.671418 0.002025
772 -453.671418 0.002011
773 -453.671418 0.001997
774 -453.671418 0.001983
775 -453.671418 0.001970
776 -453.671418 0.001956
777 -453.671418 0.001942
778 -453.671418 0.001929
779 -453.671418 0.001916
780 -453.671418 0.001902
781 -453.671418 0.001889
782 -453.671418 0.001876
783 -453.671418 0.001863
784 -453.671418 0.001850
785 -453.671418 0.001837
786 -453.671418 0.001825
787 -453.671418 0.001812
788 -453.671418 0.001799
789 -453.671418 0.001787
790 -453.671418 0.001774
791 -453.671418 0.001762
792 -453.671418 0.001750
793 -453.671418 0.001738
794 -453.671418 0.001726
795 -453.671418 0.001714
796 -453.671418 0.001702
797 -453.671418 0.001690
798 -453.671418 0.001678
799 -453.671418 0.001667
800 -453.671418 0.001655
801 -453.671418 0.001644
802 -453.671418 0.001632
803 -453.671418 0.001621
804 -453.671418 0.001610
805 -453.671418 0.001599
806 -453.671418 0.001588
807 -453.671418 0.001577
808 -453.671418 0.001566
809 -453.671419 0.001555
810 -453.671419 0.001544
811 -453.671419 0.001533
812 -453.671419 0.001523
813 -453.671419 0.001512
814 -453.671419 0.001502
815 -453.671419 0.001491
816 -453.671419 0.001481
817 -453.671419 0.001471
818 -453.671419 0.001460
819 -453.671419 0.001450
820 -453.671419 0.001440
821 -453.671419 0.001430
822 -453.671419 0.001420
823 -453.671419 0.001410
824 -453.671419 0.001401
825 -453.671419 0.001391
826 -453.671419 0.001381
827 -453.671419 0.001372
828 -453.671419 0.001362
829 -453.671419 0.001353
830 -453.671419 0.001343
831 -453.671419 0.001334
832 -453.671419 0.001325
833 -453.671419 0.001316
834 -453.671419 0.001307
835 -453.671419 0.001298
836 -453.671419 0.001289
837 -453.671419 0.001280
838 -453.671419 0.001271
839 -453.671419 0.001262
840 -453.671419 0.001253
841 -453.671419 0.001244
842 -453.671419 0.001236
843 -453.671419 0.001227
844 -453.671419 0.001219
845 -453.671419 0.001210
846 -453.671419 0.001202
847 -453.671419 0.001194
848 -453.671419 0.001185
849 -453.671419 0.001177
850 -453.671419 0.001169
851 -453.671419 0.001161
852 -453.671419 0.001153
853 -453.671419 0.001145
854 -453.671419 0.001137
855 -453.671419 0.001129
856 -453.671419 0.001121
857 -453.671419 0.001113
858 -453.671419 0.001106
859 -453.671419 0.001098
860 -453.671419 0.001090
861 -453.671419 0.001083
862 -453.671419 0.001075
863 -453.671419 0.001068
864 -453.671419 0.001060
865 -453.671419 0.001053
866 -453.671419 0.001046
867 -453.671419 0.001039
868 -453.671419 0.001031
869 -453.671419 0.001024
870 -453.671419 0.001017
871 -453.671419 0.001010
872 -453.671419 0.001003
873 -453.671419 0.000996
