121 -592.833400 9.209824
122 -592.877597 11.821882
123 -592.819589 7.808613
124 -592.854899 10.719220
125 -592.869156 11.998010
126 -592.817195 7.934331
127 -592.869275 11.200019
128 -592.845858 9.931577
129 -592.835283 8.643545
130 -592.863567 10.818727
131 -592.835397 9.763432
132 -592.858356 10.984516
133 -592.845836 9.957017
134 -592.840020 9.548114
135 -592.864155 10.746484
136 -592.830762 8.458949
137 -592.853418 10.359245
138 -592.856356 11.145802
139 -592.836095 9.625344
140 -592.859849 10.621073
141 -592.839153 9.359511
142 -592.850546 9.906074
143 -592.852193 9.957034
144 -592.835650 9.416531
145 -592.862923 11.587962
146 -592.842626 10.140696
147 -592.845981 9.491837
148 -592.853077 9.629823
149 -592.835850 9.164651
150 -592.860990 11.372031
151 -592.844914 10.309890
152 -592.842582 9.673942
153 -592.855730 10.510229
154 -592.841379 9.666503
155 -592.854332 9.832137
156 -592.839280 9.090990
157 -592.850269 10.738342
158 -592.861283 11.091800
159 -592.826172 8.468037
160 -592.859803 11.367816
161 -592.857163 11.229229
162 -592.830177 8.299473
163 -592.858319 9.958173
164 -592.845391 9.687230
165 -592.843579 9.733549
166 -592.854430 11.088135
167 -592.846976 10.678740
168 -592.850592 9.842032
169 -592.840500 8.896328
170 -592.850739 10.118823
171 -592.850932 10.751460
172 -592.843844 10.583692
173 -592.859247 10.636801
174 -592.834995 8.180507
175 -592.846894 9.421579
176 -592.859833 11.123387
177 -592.836325 9.772082
178 -592.855967 10.788810
179 -592.845614 10.257137
180 -592.845996 10.048167
181 -592.856087 10.047615
182 -592.833575 8.631437
183 -592.856609 10.765517
184 -592.851380 10.848779
185 -592.842655 9.463482
186 -592.851439 9.412229
187 -592.837847 9.539268
188 -592.861050 11.834287
189 -592.848802 10.388964
190 -592.835873 8.625824
191 -592.856454 10.252081
192 -592.841963 10.486253
193 -592.859360 11.120662
194 -592.843812 8.575549
195 -592.828958 8.150349
196 -592.873713 12.528527
197 -592.841461 9.944198
198 -592.832802 8.769732
199 -592.867037 11.961528
200 -592.841473 10.255711
201 -592.846709 9.302163
202 -592.849869 9.227266
203 -592.839673 9.216732
204 -592.856753 11.119895
205 -592.847558 10.773799
206 -592.846939 9.864858
207 -592.845982 9.645356
208 -592.849704 10.075337
209 -592.849929 9.876088
210 -592.839558 9.667301
211 -592.858939 11.327847
212 -592.845917 10.072249
213 -592.841839 9.213261
214 -592.855948 10.015631
215 -592.838525 9.435510
216 -592.856483 10.763793
217 -592.846282 10.177794
218 -592.843342 9.957507
219 -592.857974 10.704344
220 -592.837391 9.373927
221 -592.855681 10.167420
222 -592.844172 9.559073
223 -592.843950 9.997853
224 -592.861322 11.032283
225 -592.832842 9.014816
226 -592.854268 10.619015
227 -592.854612 10.779400
228 -592.836678 9.050769
229 -592.856702 9.961506
230 -592.839286 9.535990
231 -592.852316 11.013845
232 -592.856502 11.056188
233 -592.835718 8.762909
234 -592.852643 9.697226
235 -592.847582 10.061790
236 -592.846318 10.267795
237 -592.851502 10.757070
238 -592.846121 10.386607
239 -592.853276 9.794115
240 -592.836258 8.527340
241 -592.853511 10.429272
242 -592.853849 10.755975
243 -592.835201 9.719427
244 -592.864073 11.194468
245 -592.836201 9.128217
246 -592.845959 9.999824
247 -592.865107 11.136147
248 -592.826033 8.253539
249 -592.859473 10.629243
250 -592.853330 10.320970
251 -592.829122 8.753969
252 -592.865744 11.814497
253 -592.843438 10.723946
254 -592.848271 9.588674
255 -592.847331 8.905228
256 -592.839090 9.135138
257 -592.860263 11.408426
258 -592.841820 10.686309
259 -592.853695 10.632134
260 -592.848734 9.018019
261 -592.832182 8.006642
262 -592.862197 11.159161
263 -592.844133 11.010497
264 -592.848827 10.866964
265 -592.852929 10.324009
266 -592.838028 8.791725
267 -592.854380 9.647020
268 -592.841515 9.627993
269 -592.852412 10.842517
270 -592.852999 10.552453
271 -592.836167 9.054131
272 -592.856087 10.501388
273 -592.845393 10.276383
274 -592.846829 10.337349
275 -592.853908 10.459110
276 -592.839351 9.322818
277 -592.855415 9.945090
278 -592.840441 9.289042
279 -592.848049 10.606642
280 -592.860826 11.367203
281 -592.833402 8.901731
282 -592.855298 9.691452
283 -592.842375 9.558604
284 -592.843811 11.062991
285 -592.870535 12.608872
286 -592.830296 7.996402
287 -592.841951 8.142841
288 -592.860032 10.822016
289 -592.841085 10.372084
290 -592.855431 10.559848
291 -592.836941 9.747814
292 -592.858113 11.219093
293 -592.851439 9.649564
294 -592.825275 7.899334
295 -592.870486 11.849310
296 -592.842108 10.251687
297 -592.839728 9.603206
298 -592.865887 10.790346
299 -592.825970 8.264566
300 -592.859996 10.795361
301 -592.851859 10.712637
302 -592.834901 9.266394
303 -592.862296 10.813144
304 -592.835981 9.471445
305 -592.852670 10.605686
306 -592.853971 10.683441
307 -592.837767 9.037973
308 -592.856277 9.732773
309 -592.838302 9.124468
310 -592.850442 10.928925
311 -592.858484 11.735701
312 -592.836964 9.548092
313 -592.854177 9.671285
314 -592.841294 9.032135
315 -592.847734 10.068614
316 -592.855878 10.899578
317 -592.836566 9.912210
318 -592.861638 10.962989
319 -592.838813 8.871754
320 -592.839595 9.504665
321 -592.870810 11.790297
322 -592.825804 8.489333
323 -592.851832 10.660011
324 -592.866859 11.679422
325 -592.823255 7.694337
326 -592.856176 9.956308
327 -592.851352 11.184349
328 -592.845870 10.526767
329 -592.852977 9.890785
330 -592.834916 8.703754
331 -592.855959 10.858564
332 -592.851621 10.899400
333 -592.840609 9.480890
334 -592.852936 9.863475
335 -592.844360 9.348043
336 -592.844484 9.792140
337 -592.852655 11.393855
338 -592.853194 11.137644
339 -592.842028 9.123164
340 -592.845010 8.995418
341 -592.851251 9.977319
342 -592.844297 10.363911
343 -592.855545 11.008391
344 -592.842509 9.732812
345 -592.846110 9.871305
346 -592.857594 10.197783
347 -592.833042 8.468531
348 -592.851444 10.760768
349 -592.859449 12.119379
350 -592.840114 9.656966
351 -592.846870 9.071665
352 -592.846739 9.493487
353 -592.848969 10.314812
354 -592.854157 10.238323
355 -592.835063 9.063158
356 -592.856026 11.167101
357 -592.853969 11.050112
358 -592.836200 9.024026
359 -592.851820 10.334746
360 -592.854478 10.676174
361 -592.841529 8.795014
362 -592.842479 9.095476
363 -592.856057 11.213460
364 -592.849454 10.734525
365 -592.840934 9.736307
366 -592.857247 10.150667
367 -592.836426 8.803072
368 -592.848667 10.639452
369 -592.863743 11.763526
370 -592.829715 8.831595
371 -592.857259 10.132727
372 -592.848126 9.679818
373 -592.836340 9.331594
374 -592.866986 11.389139
375 -592.833082 8.925300
376 -592.846390 10.149008
377 -592.863347 11.890452
378 -592.835550 9.309321
379 -592.849820 9.513381
380 -592.848495 10.115510
381 -592.849243 10.089809
382 -592.847475 9.523964
383 -592.840270 9.636976
384 -592.858196 11.545668
385 -592.848799 10.428347
386 -592.840514 8.666524
387 -592.846439 9.539966
388 -592.852617 11.158531
389 -592.852439 10.792797
390 -592.838306 9.297142
391 -592.853130 10.356337
392 -592.852946 9.946092
393 -592.835416 8.376379
394 -592.852219 10.328312
395 -592.851668 11.508154
396 -592.848942 10.846528
397 -592.847615 9.521310
398 -592.838971 8.938799
399 -592.857226 10.716203
400 -592.847598 9.958958
401 -592.839712 9.237877
402 -592.857179 10.555221
403 -592.839727 10.059872
404 -592.855197 10.983684
405 -592.848657 9.961326
406 -592.836782 9.008100
407 -592.862019 10.650032
408 -592.837442 9.143470
409 -592.846966 10.199254
410 -592.860214 11.483018
411 -592.837238 9.561168
412 -592.853863 9.797009
413 -592.843005 9.376074
414 -592.848725 10.029486
415 -592.851306 10.604493
416 -592.843208 10.443384
417 -592.859819 10.569744
418 -592.831934 8.295324
419 -592.850452 10.483286
420 -592.867174 11.442356
421 -592.821249 7.722578
422 -592.858342 10.808401
423 -592.858313 11.658979
424 -592.833339 9.180534
425 -592.858951 10.056793
426 -592.837752 9.207976
427 -592.852616 10.621613
428 -592.857392 10.524031
429 -592.828959 8.352585
430 -592.859837 11.062939
431 -592.850603 10.995578
432 -592.841322 9.599847
433 -592.854490 9.757118
434 -592.837869 9.172807
435 -592.855741 10.849489
436 -592.848434 10.759925
437 -592.846895 9.887266
438 -592.849628 9.205658
439 -592.838021 8.861336
440 -592.857320 11.014272
441 -592.846781 10.803088
442 -592.846044 10.489377
443 -592.856729 10.155689
444 -592.830265 8.538727
445 -592.862200 11.179534
446 -592.852693 9.974807
447 -592.826733 7.651715
448 -592.860926 11.347313
449 -592.854117 11.783700
450 -592.841919 9.450690
451 -592.845209 8.993010
452 -592.845953 10.213511
453 -592.859007 11.317433
454 -592.840695 9.355143
455 -592.844602 9.261820
456 -592.854559 10.356634
457 -592.841070 10.013002
458 -592.855586 10.853704
459 -592.847223 9.681514
460 -592.838948 8.797632
461 -592.853700 10.675941
462 -592.850163 11.089914
463 -592.846925 10.248425
464 -592.846246 9.781498
465 -592.850579 9.700255
466 -592.844299 9.101894
467 -592.845597 9.723134
468 -592.854687 10.882619
469 -592.842805 10.283073
470 -592.851104 10.685209
471 -592.851454 10.036403
472 -592.836213 8.886318
473 -592.857928 10.644610
474 -592.845797 10.027704
475 -592.842267 9.783533
476 -592.858736 10.771736
477 -592.838466 9.282937
478 -592.852029 9.821250
479 -592.847110 9.767102
480 -592.839967 10.343912
481 -592.866196 12.281750
482 -592.841077 9.027223
483 -592.833011 7.805505
484 -592.859852 11.430894
485 -592.855560 11.377827
486 -592.837621 8.396900
487 -592.841686 8.982935
488 -592.858926 11.526409
489 -592.846268 10.825825
490 -592.845509 9.938113
491 -592.850914 9.752684
492 -592.842007 9.107970
493 -592.850158 10.031472
494 -592.849044 10.538658
495 -592.846373 10.563815
496 -592.853461 10.520800
497 -592.841499 9.096093
498 -592.845534 9.609709
499 -592.855796 10.722536
500 -592.842277 9.614836
501 -592.845153 9.936215
502 -592.852915 11.225205
503 -592.850872 10.666596
504 -592.845291 8.685249
505 -592.835904 8.341017
506 -592.857928 11.495336
507 -592.855010 11.493135
508 -592.836535 9.047276
509 -592.850651 9.701351
510 -592.846884 10.370525
511 -592.851401 10.728871
512 -592.849002 9.758515
513 -592.839911 8.704307
514 -592.851661 9.819915
515 -592.842729 10.706066
516 -592.858151 12.105740
517 -592.850628 10.111220
518 -592.832488 7.536682
519 -592.851513 9.754206
520 -592.852974 11.595697
