0.0298302 0.0981027 -0.0132864
3.40294 0.0981033 4.80141
0.855187 1.55392 4.80157
4.26409 1.55396 2.39393
2.57753 1.55393 -0.0134403
1.71638 0.0981029 2.39407
5.12527 0.0981027 -0.0135257
8.49833 0.0981034 4.80142
5.95065 1.55398 4.80131
9.35953 1.55393 2.39398
7.67302 1.55392 -0.0135425
6.81181 0.0981029 2.39391
10.2208 0.0981028 -0.0133982
13.5936 0.0981034 4.80202
11.046 1.55388 4.80161
14.4549 1.55389 2.39446
12.7685 1.55387 -0.0132131
11.9072 0.0981029 2.39423
15.3162 0.0981028 -0.0130076
18.6891 0.0981033 4.80181
16.1413 1.55389 4.802
19.5503 1.55391 2.39423
17.8638 1.55389 -0.0131398
17.0026 0.0981029 2.39443
0.0297855 3.00974 -0.0133093
3.40291 3.00981 4.80136
0.855106 4.46557 4.80152
4.26403 4.46567 2.39382
2.57744 4.4656 -0.0134963
1.71634 3.00977 2.39404
5.12524 3.00977 -0.0135851
8.49839 3.00979 4.80128
5.95066 4.46573 4.80112
9.35959 4.46558 2.39369
7.67299 4.46555 -0.0137696
6.81182 3.00982 2.39381
10.2208 3.00967 -0.013526
13.5937 3.00972 4.80204
11.0462 4.46543 4.80141
14.4549 4.46544 2.39415
12.7685 4.46541 -0.0135808
11.9073 3.00968 2.39411
15.3162 3.00965 -0.0131624
18.6891 3.00967 4.80173
16.1414 4.46543 4.80171
19.5503 4.46555 2.39416
17.8638 4.46551 -0.013261
17.0026 3.00967 2.39432
0.0296667 5.9214 -0.0133751
3.40278 5.9215 4.80125
0.854927 7.37723 4.80148
4.26386 7.37735 2.3936
2.57727 7.37727 -0.0136047
1.7162 5.92145 2.39397
5.12512 5.92143 -0.0137924
8.49849 5.92146 4.8008
5.95046 7.37743 4.80072
9.35951 7.3772 2.39274
7.67286 7.3772 -0.0144944
6.81177 5.92152 2.39346
10.2208 5.92127 -0.0141674
13.5938 5.92115 4.80143
11.0462 7.37693 4.80013
14.4548 7.37713 2.39375
12.7685 7.3771 -0.0141483
11.9073 5.92124 2.39347
15.3161 5.92128 -0.0134557
18.689 5.92134 4.8016
16.1414 7.37715 4.80145
19.5501 7.37723 2.3941
17.8637 7.3772 -0.0133802
17.0025 5.92133 2.39412
0.0295432 8.8331 -0.0133953
3.40247 8.83317 4.80122
0.855028 10.289 4.80179
4.26365 10.289 2.39329
2.57714 10.289 -0.0137628
1.71603 8.83313 2.39394
5.12492 8.8331 -0.0142837
8.49819 8.83305 4.79925
5.95001 10.289 4.79995
9.3594 10.289 2.39212
7.67276 10.289 -0.0149843
6.81154 8.83314 2.39266
10.2207 8.83302 -0.0149261
13.5937 8.83295 4.80082
11.0461 10.289 4.79927
14.4548 10.289 2.39356
12.7684 10.289 -0.0144305
11.9072 8.833 2.39276
15.3161 8.83305 -0.013656
18.689 8.83308 4.80163
16.1413 10.289 4.80135
19.5501 10.289 2.39417
17.8636 10.289 -0.0133709
17.0024 8.83307 2.39402
0.0295428 11.7448 -0.0133961
3.40247 11.7447 4.80122
0.854927 13.2007 4.80148
4.26386 13.2006 2.3936
2.57727 13.2006 -0.0136062
1.71603 11.7448 2.39394
5.12492 11.7448 -0.0142846
8.49819 11.7449 4.79925
5.95046 13.2005 4.80072
9.35951 13.2007 2.39274
7.67286 13.2007 -0.0144959
6.81154 11.7448 2.39266
10.2207 11.7449 -0.0149269
13.5937 11.745 4.80082
11.0462 13.201 4.80013
14.4548 13.2008 2.39375
12.7685 13.2008 -0.0141497
11.9072 11.7449 2.39275
15.3161 11.7449 -0.0136568
18.689 11.7448 4.80163
16.1414 13.2008 4.80145
19.5501 13.2007 2.39409
17.8637 13.2007 -0.0133815
17.0024 11.7448 2.39402
0.029666 14.6565 -0.0133768
3.40278 14.6564 4.80124
0.855105 16.1123 4.80152
4.26403 16.1122 2.39382
2.57744 16.1123 -0.0134981
1.7162 14.6565 2.39397
5.12512 14.6565 -0.0137943
8.49849 14.6564 4.8008
5.95065 16.1122 4.80112
9.35958 16.1123 2.39368
7.67298 16.1124 -0.0137715
6.81177 14.6564 2.39346
10.2208 14.6566 -0.0141692
13.5938 14.6568 4.80143
11.0462 16.1125 4.80141
14.4549 16.1125 2.39415
12.7685 16.1125 -0.0135826
11.9073 14.6567 2.39347
15.3161 14.6566 -0.0134574
18.689 14.6566 4.8016
16.1414 16.1125 4.80171
19.5503 16.1124 2.39416
17.8638 16.1124 -0.0132627
17.0025 14.6566 2.39412
0.029785 17.5682 -0.0133106
3.40291 17.5681 4.80136
0.855186 19.024 4.80157
4.26409 19.0239 2.39393
2.57753 19.024 -0.0134411
1.71634 17.5681 2.39404
5.12524 17.5681 -0.0135866
8.49839 17.5681 4.80128
5.95065 19.0239 4.80131
9.35953 19.024 2.39398
7.67302 19.024 -0.0135433
6.81182 17.5681 2.39381
10.2208 17.5682 -0.0135275
13.5937 17.5682 4.80203
11.046 19.024 4.80161
14.4549 19.024 2.39446
12.7685 19.024 -0.0132139
11.9073 17.5682 2.39411
15.3162 17.5683 -0.0131637
18.6891 17.5682 4.80173
16.1413 19.024 4.802
19.5503 19.024 2.39423
17.8638 19.024 -0.0131405
17.0026 17.5682 2.39432
-0.00609334 0.0981039 7.20913
3.36694 0.0981045 12.0237
0.81909 1.55398 12.0239
4.22823 1.55396 9.61622
2.54173 1.55393 7.20889
1.6804 0.0981043 9.61642
5.08946 0.0981039 7.20878
8.46249 0.0981046 12.0239
5.91475 1.55396 12.0236
9.32355 1.55387 9.61642
7.63714 1.55397 7.2088
6.77592 0.0981044 9.61625
10.1848 0.098104 7.20904
13.5573 0.0981045 12.0246
11.0099 1.55466 12.0243
14.4185 1.55418 9.61721
12.7323 1.55402 7.2096
11.871 0.0981044 9.617
15.2799 0.0981039 7.20964
18.6529 0.0981045 12.0242
16.105 1.55417 12.0245
19.5142 1.55392 9.61667
17.8278 1.5539 7.20938
16.9663 0.0981043 9.61698
-0.00605882 3.00968 7.20908
3.36699 3.00983 12.0236
0.819314 4.46572 12.0239
4.2283 4.46564 9.61605
2.54169 4.46559 7.20882
1.68046 3.00973 9.61638
5.08948 3.00985 7.20867
8.46246 3.00993 12.0237
5.91471 4.46561 12.0232
9.32358 4.46524 9.61607
7.63728 4.46572 7.20846
6.77595 3.00988 9.61608
10.1848 3.0096 7.20894
13.5571 3.01074 12.0247
11.0093 4.46846 12.0251
14.4185 4.46615 9.61733
12.7324 4.46578 7.21006
11.8709 3.01046 9.61731
15.28 3.0098 7.2096
18.6529 3.00995 12.0241
16.1048 4.46618 12.0243
19.5144 4.46552 9.61657
17.8279 4.46545 7.20918
16.9664 3.00987 9.6169
-0.00612477 5.92133 7.20901
3.36722 5.92159 12.0236
0.820259 7.37761 12.0241
4.22793 7.37704 9.61585
2.54143 7.37719 7.20878
1.68046 5.92133 9.61634
5.08944 5.9216 7.20842
8.46206 5.92137 12.0226
5.91491 7.37708 12.0223
9.32522 7.37633 9.61394
7.63729 7.37745 7.20756
6.77624 5.92186 9.61541
10.1854 5.92104 7.2085
13.5559 5.92334 12.0252
11.005 7.38579 12.0361
14.4196 7.37708 9.61611
12.7328 7.37662 7.2084
11.8705 5.9229 9.61979
15.2804 5.92122 7.20905
18.6535 5.92162 12.024
16.1056 7.3774 12.0239
19.5149 7.37731 9.61663
17.828 7.37722 7.20907
16.967 5.92139 9.61659
-0.00585762 8.8331 7.20928
3.36987 8.83376 12.0249
0.820723 10.289 12.0244
4.23015 10.289 9.61952
2.54196 10.289 7.20984
1.68144 8.83319 9.61706
5.08871 8.83329 7.20822
8.46151 8.83151 12.0078
5.92481 10.289 12.0351
9.32352 10.289 9.60655
7.63631 10.289 7.20519
6.77437 8.8337 9.6135
10.1852 8.83257 7.20532
13.5583 8.83327 12.0224
11.0132 10.289 12.0057
14.4189 10.289 9.6155
12.7325 10.289 7.20745
11.8718 8.83138 9.61337
15.2802 8.83303 7.20863
18.6539 8.8332 12.024
16.1059 10.289 12.0234
19.5151 10.289 9.61674
17.8281 10.289 7.20904
16.9671 8.83314 9.61636
-0.005858 11.7448 7.20928
3.36987 11.7441 12.0249
0.820258 13.2003 12.0241
4.22792 13.2009 9.61585
2.54143 13.2007 7.20878
1.68144 11.7447 9.61706
5.08871 11.7446 7.20822
8.46151 11.7464 12.0078
5.91491 13.2008 12.0223
9.32522 13.2016 9.61394
7.63729 13.2005 7.20756
6.77436 11.7442 9.6135
10.1852 11.7453 7.20532
13.5583 11.7446 12.0224
11.005 13.1921 12.0361
14.4196 13.2008 9.61611
12.7328 13.2013 7.2084
11.8718 11.7465 9.61337
15.2802 11.7449 7.20863
18.6539 11.7447 12.024
16.1056 13.2005 12.0239
19.5149 13.2006 9.61663
17.828 13.2007 7.20907
16.9671 11.7448 9.61636
-0.00612561 14.6566 7.20901
3.36722 14.6563 12.0236
0.819313 16.1122 12.0239
4.2283 16.1123 9.61605
2.54169 16.1123 7.20882
1.68046 14.6566 9.61634
5.08944 14.6563 7.20842
8.46206 14.6565 12.0226
5.91471 16.1123 12.0232
9.32358 16.1127 9.61607
7.63728 16.1122 7.20846
6.77624 14.6561 9.6154
10.1854 14.6569 7.20849
13.5559 14.6546 12.0252
11.0093 16.1095 12.0251
14.4185 16.1118 9.61733
12.7324 16.1121 7.21006
11.8705 14.655 9.61979
15.2804 14.6567 7.20904
18.6535 14.6563 12.024
16.1048 16.1117 12.0243
19.5144 16.1124 9.61656
17.8279 16.1125 7.20917
16.967 14.6565 9.61659
-0.00605948 17.5682 7.20908
3.36699 17.5681 12.0236
0.819089 19.0239 12.0239
4.22823 19.024 9.61622
2.54173 19.024 7.20889
1.68046 17.5682 9.61638
5.08948 17.5681 7.20867
8.46246 17.568 12.0237
5.91475 19.0239 12.0236
9.32355 19.024 9.61642
7.63714 19.0239 7.2088
6.77595 17.568 9.61607
10.1848 17.5683 7.20894
13.5571 17.5672 12.0247
11.0099 19.0232 12.0243
14.4185 19.0237 9.61721
12.7323 19.0239 7.2096
11.8709 17.5674 9.61731
15.28 17.5681 7.20959
18.6529 17.568 12.0241
16.105 19.0237 12.0245
19.5142 19.024 9.61666
17.8278 19.024 7.20938
16.9664 17.568 9.6169
9.327 10.289 14.412
