2.10898 2.10898 0.00843847
0.029251 0.029251 0.029251
0.00488222 4.16964 0.00488222
2.09607 6.24394 -0.00556966
0.00286728 8.3185 0.00286728
2.10151 10.3867 -0.00166499
0.0148224 12.4521 0.0148224
2.10934 14.5466 0.0148224
4.16964 0.00488222 0.00488222
6.24394 2.09607 -0.00556966
4.1744 4.1744 -0.0117224
6.24463 6.24463 -0.0197396
4.17061 8.31623 -0.0156873
6.24517 10.3908 -0.0156873
4.17469 12.4599 -0.00166499
6.2429 14.5585 0.00286728
8.3185 0.00286728 0.00286728
10.3867 2.10151 -0.00166499
8.31623 4.17061 -0.0156873
10.3908 6.24517 -0.0156873
8.31677 8.31677 -0.0197396
10.387 10.387 -0.0117224
8.31746 12.4653 -0.00556966
10.3918 14.5565 0.00488222
12.4521 0.0148224 0.0148224
14.5466 2.10934 0.0148224
12.4599 4.17469 -0.00166499
14.5585 6.2429 0.00286728
12.4653 8.31746 -0.00556966
14.5565 10.3918 0.00488222
12.4524 12.4524 0.00843847
14.5321 14.5321 0.029251
0.00843847 2.10898 2.10898
2.10898 0.00843847 2.10898
10.3867 -0.00166499 2.10151
8.31554 2.0939 2.0939
6.24394 -0.00556966 2.09607
4.17665 2.09833 2.09833
10.3875 4.17392 2.09237
8.31672 6.24468 2.08428
2.0939 8.31554 2.0939
-0.00166499 10.3867 2.10151
10.3896 8.31578 2.08834
8.31578 10.3896 2.08834
6.24562 4.17178 2.08834
4.17178 6.24562 2.08834
10.3848 12.4631 2.09833
8.31746 14.567 2.09607
2.09833 4.17665 2.09833
-0.00556966 6.24394 2.09607
14.5466 0.0148224 2.10934
12.4584 2.10301 2.10301
6.24468 8.31672 2.08428
4.17392 10.3875 2.09237
14.5631 4.17469 2.10151
12.4675 6.24586 2.0939
2.10301 12.4584 2.10301
0.0148224 14.5466 2.10934
14.567 8.31746 2.09607
12.4631 10.3848 2.09833
6.24586 12.4675 2.0939
4.17469 14.5631 2.10151
14.553 12.4524 2.10898
12.4524 14.553 2.10898
8.317 8.317 4.16705
10.3895 10.3895 4.17185
-0.0117224 4.1744 4.1744
2.08834 6.24562 4.17178
4.17392 12.469 4.17392
6.24517 14.5771 4.17061
8.31578 12.4731 4.17178
10.387 14.5731 4.1744
-0.00166499 12.4599 4.17469
2.10151 14.5631 4.17469
4.17185 4.17185 4.17185
6.2444 6.2444 4.16705
12.4599 -0.00166499 4.17469
14.5631 2.10151 4.17469
8.31623 -0.0156873 4.17061
10.3875 2.09237 4.17392
-0.0156873 8.31623 4.17061
2.09237 10.3875 4.17392
12.469 4.17392 4.17392
14.5771 6.24517 4.17061
2.09833 2.09833 4.17665
0.00488222 0.00488222 4.16964
8.31642 4.16934 4.16934
10.3921 6.24498 4.16934
12.4731 8.31578 4.17178
14.5731 10.387 4.1744
4.16934 8.31642 4.16934
6.24498 10.3921 4.16934
4.1744 -0.0117224 4.1744
6.24562 2.08834 4.17178
12.4631 12.4631 4.17665
14.5565 14.5565 4.16964
6.24366 8.31774 6.24366
4.16934 10.3921 6.24498
2.08834 4.17178 6.24562
-0.0197396 6.24463 6.24463
-0.00556966 2.09607 6.24394
2.09607 -0.00556966 6.24394
14.5585 0.00286728 6.2429
12.4675 2.0939 6.24586
10.3921 4.16934 6.24498
8.31774 6.24366 6.24366
6.2444 4.16705 6.2444
4.16705 6.2444 6.2444
6.24468 12.4771 6.24468
4.17061 14.5771 6.24517
14.5771 4.17061 6.24517
12.4771 6.24468 6.24468
2.08428 8.31672 6.24468
-0.0156873 10.3908 6.24517
10.3943 8.317 6.2444
8.317 10.3943 6.2444
6.24463 -0.0197396 6.24463
4.17178 2.08834 6.24562
14.5811 8.31677 6.24463
12.4731 10.3896 6.24562
2.0939 12.4675 6.24586
0.00286728 14.5585 6.2429
10.3908 -0.0156873 6.24517
8.31672 2.08428 6.24468
10.3896 12.4731 6.24562
8.31677 14.5811 6.24463
14.567 12.4653 6.24394
12.4653 14.567 6.24394
12.4653 -0.00556966 8.31746
14.567 2.09607 8.31746
4.16705 8.317 8.317
6.2444 10.3943 8.317
-0.00556966 12.4653 8.31746
2.09607 14.567 8.31746
8.31774 8.31774 8.31774
10.3921 10.3921 8.31642
8.31677 -0.0197396 8.31677
10.3896 2.08834 8.31578
12.4731 4.17178 8.31578
14.5811 6.24463 8.31677
4.16934 4.16934 8.31642
6.24366 6.24366 8.31774
4.17061 -0.0156873 8.31623
6.24468 2.08428 8.31672
-0.0156873 4.17061 8.31623
2.08428 6.24468 8.31672
8.31672 12.4771 8.31672
10.3908 14.5771 8.31623
12.4771 8.31672 8.31672
14.5771 10.3908 8.31623
4.17178 12.4731 8.31578
6.24463 14.5811 8.31677
8.317 4.16705 8.317
10.3943 6.2444 8.317
-0.0197396 8.31677 8.31677
2.08834 10.3896 8.31578
2.0939 2.0939 8.31554
0.00286728 0.00286728 8.3185
12.4675 12.4675 8.31554
14.5585 14.5585 8.3185
6.24562 12.4731 10.3896
4.1744 14.5731 10.387
6.24517 -0.0156873 10.3908
4.17392 2.09237 10.3875
6.2444 8.317 10.3943
4.17185 10.3895 10.3895
14.5731 4.1744 10.387
12.4731 6.24562 10.3896
10.3895 4.17185 10.3895
8.317 6.2444 10.3943
10.3875 12.469 10.3875
8.31623 14.5771 10.3908
6.24498 4.16934 10.3921
4.16934 6.24498 10.3921
2.09237 4.17392 10.3875
-0.0156873 6.24517 10.3908
-0.00166499 2.10151 10.3867
2.10151 -0.00166499 10.3867
14.5771 8.31623 10.3908
12.469 10.3875 10.3875
10.387 -0.0117224 10.387
8.31578 2.08834 10.3896
2.09833 12.4631 10.3848
0.00488222 14.5565 10.3918
14.5565 0.00488222 10.3918
12.4631 2.09833 10.3848
10.3921 8.31642 10.3921
8.31642 10.3921 10.3921
2.08834 8.31578 10.3896
-0.0117224 10.387 10.387
14.5631 12.4599 10.3867
12.4599 14.5631 10.3867
8.31554 12.4675 12.4675
10.3867 14.5631 12.4599
12.4631 4.17665 12.4631
14.567 6.24394 12.4653
8.31746 -0.00556966 12.4653
10.3848 2.09833 12.4631
4.17392 4.17392 12.469
6.24468 6.24468 12.4771
4.17665 12.4631 12.4631
6.24394 14.567 12.4653
4.17178 8.31578 12.4731
6.24562 10.3896 12.4731
8.31672 8.31672 12.4771
10.3875 10.3875 12.469
0.00843847 12.4524 12.4524
2.10898 14.553 12.4524
12.4675 8.31554 12.4675
14.5631 10.3867 12.4599
12.4524 0.00843847 12.4524
14.553 2.10898 12.4524
2.10301 2.10301 12.4584
0.0148224 0.0148224 12.4521
-0.00166499 4.17469 12.4599
2.0939 6.24586 12.4675
8.31578 4.17178 12.4731
10.3896 6.24562 12.4731
4.17469 -0.00166499 12.4599
6.24586 2.0939 12.4675
-0.00556966 8.31746 12.4653
2.09833 10.3848 12.4631
12.4584 12.4584 12.4584
14.5466 14.5466 12.4521
2.10934 0.0148224 14.5466
0.0148224 2.10934 14.5466
10.3908 8.31623 14.5771
8.31623 10.3908 14.5771
6.24517 4.17061 14.5771
4.17061 6.24517 14.5771
2.09607 8.31746 14.567
0.00488222 10.3918 14.5565
10.387 4.1744 14.5731
8.31677 6.24463 14.5811
14.5321 0.029251 14.5321
12.4524 2.10898 14.553
6.24463 8.31677 14.5811
4.1744 10.387 14.5731
14.5585 8.3185 14.5585
12.4599 10.3867 14.5631
10.3918 0.00488222 14.5565
8.31746 2.09607 14.567
6.24394 12.4653 14.567
4.16964 14.5565 14.5565
2.10151 4.17469 14.5631
0.00286728 6.2429 14.5585
10.3867 12.4599 14.5631
8.3185 14.5585 14.5585
6.2429 0.00286728 14.5585
4.17469 2.10151 14.5631
2.10898 12.4524 14.553
0.029251 14.5321 14.5321
14.5565 4.16964 14.5565
12.4653 6.24394 14.567
14.5466 12.4521 14.5466
12.4521 14.5466 14.5466
